2 0 0.4485623 0.0191693296875 0.4600638984375 0.059831542187499996 0.468777228125 0.0990415328125 0.468777228125 0.17165262812499998 0.43682834687499994 0.2123148421875 0.4295672375 0.2253848390625 0.39180946875 0.2137670640625 0.3467905890625 0.1948881796875 0.3293639265625 0.16439151875 0.3337205921875 0.148417078125 0.33952948125 0.122277084375 0.35114725625 0.0830670921875 0.3627650296875 0.0453093234375 0.381643915625 0 0.410688353125 0 0.4485623
2 0.0351437703125 0.6691838515625 0.0409526578125 0.6706360734375 0.0148126625 0.7025849546875 0.0031948875 0.7229160625 0.00029044374999999997 0.7664827187500001 0.0046471109375 0.7868138265625 0.030787103125 0.791170490625 0.06709265156250001 0.759221609375 0.0990415328125 0.73162939375 0.130990415625 0.7127505078125 0.1498693 0.6924194015625 0.1498693 0.6720882953125 0.13244263750000002 0.6648271859375 0.0641882078125 0.6575660765625 0.0511182109375 0.66047051875 0.0351437703125 0.6691838515625
2 0.28535192187499997 1 0.2965437125 0.990124890625 0.341562590625 0.9407493468749999 0.3546325875 0.923322684375 0.3764159171875 0.882660471875 0.39093813593750004 0.8376415906249999 0.3865814703125 0.7926227124999999 0.37932035937499997 0.747603834375 0.382224803125 0.7243682828125 0.39384257968749997 0.6953238453125 0.36044147656250003 0.676444959375 0.324135928125 0.6735405171875 0.30525704375 0.6895149578125 0.29944815468749997 0.7025849546875 0.28202149374999996 0.7490560562499999 0.2573337203125 0.776648271875 0.24426372343749997 0.8027882671875 0.23409817031250002 0.8565204765625 0.221028171875 0.897182690625 0.2152192859375 0.9451060124999999 0.2152192859375 0.966889340625 0.221028171875 0.9857682249999999 0.2261109484375 1 0.28535192187499997 1
2 0.3197792625 0.5893116468749999 0.32849259375 0.61980830625 0.34882369999999996 0.6241649734375 0.3764159171875 0.6096427546875 0.39819924375000004 0.603833865625 0.4257914609375 0.5805983140625 0.441765903125 0.5689805406249999 0.4316003484375 0.54429276875 0.40110368906250005 0.5384838796875 0.36915480624999997 0.5254138828125 0.36044147656250003 0.5254138828125 0.329944815625 0.5501016546875 0.3197792625 0.5893116468749999
2 0.32849259375 0.396166134375 0.3023525984375 0.40342724375000005 0.3081614875 0.404879465625 0.32558815 0.42085390624999997 0.3430148125 0.4484461234375 0.347371478125 0.46587278593750003 0.36044147656250003 0.47313389531250005 0.385129246875 0.454255009375 0.40110368906250005 0.44263723437499997 0.41853035156249996 0.43682834687499994 0.4257914609375 0.43537612656249997 0.42143479531250005 0.42085390624999997 0.41272146249999997 0.412140575 0.3880336921875 0.393261690625 0.364798140625 0.3903572453125 0.3459192578125 0.39180946875 0.32849259375 0.396166134375
2 0.2863781578125 0.468777228125 0.26459483125 0.45570723125 0.2413592796875 0.45135056718750005 0.2253848390625 0.471681671875 0.221028171875 0.48620389062499997 0.235550390625 0.4963694453125 0.2674992734375 0.4949172234375 0.2834737140625 0.4760383390625 0.2863781578125 0.468777228125
2 0.5506825453124999 0.4774905609375 0.5347081031250001 0.4774905609375 0.50421144375 0.4818472265625 0.505663665625 0.4949172234375 0.520185884375 0.5123438859375 0.531803659375 0.5268661046875 0.51582921875 0.5588149875 0.514376996875 0.560267209375 0.5477781 0.5689805406249999 0.5666569859374999 0.577693871875 0.5826314265625 0.5805983140625 0.5986058671875 0.574789428125 0.6000580890625 0.55591054375 0.5782747609375 0.5384838796875 0.5797269828125 0.4978216671875 0.57101365 0.4803950046875 0.5506825453124999 0.4774905609375
2 0.69154806875 0.5341272140625 0.6683125171875 0.560267209375 0.672669184375 0.571884984375 0.707522509375 0.583502759375 0.7423758359375 0.586407203125 0.751089165625 0.6227127515624999 0.765611384375 0.6386871921874999 0.7757769390625 0.6503049671875 0.7772291609375 0.6067383093750001 0.7728724953125 0.59657275625 0.7612547203125 0.5530060984375 0.7539936109375 0.5515538765625 0.73221028125 0.54429276875 0.70897473125 0.5326749921875 0.69154806875 0.5341272140625
2 0.5768225390625 0.6953238453125 0.546325878125 0.73743828125 0.543421434375 0.7722916046875 0.5492303234375 0.8056927093749999 0.5768225390625 0.8390938125 0.6087714203125 0.8449027015624999 0.6261980828125 0.8463549234375 0.6537902984375 0.8449027015624999 0.6668602953125 0.8303804828124999 0.6770258499999999 0.7853616031249999 0.6668602953125 0.75486494375 0.6305547484375 0.7156549515624999 0.6073191984374999 0.6996805109374999 0.5811792046875001 0.6895149578125 0.5768225390625 0.6953238453125
2 0.5187336625000001 0.6372349703125 0.52163810625 0.6256171953125 0.51002033125 0.6110949765625 0.49840255625 0.60819053125 0.4664536734375 0.6052860875 0.4519314546875 0.603833865625 0.43740923593750003 0.612547196875 0.4475747890625 0.6256171953125 0.482428115625 0.6459482999999999 0.508568109375 0.644496078125 0.5187336625000001 0.6372349703125
2 0.9831814546875 1 0.9718268953125 0.95962823125 0.9631135640625 0.9291315718750001 0.9355213484375 0.9015393546875 0.9093813531249999 0.8841126921875 0.886145803125 0.8652338078125 0.86945145625 0.8552172 0.8280569265625 0.8637815859375 0.80917804375 0.8768515828125001 0.8019169328125001 0.9102526875000001 0.7873947140625 0.9436537906250001 0.7859424921875 0.9828637812500001 0.793653790625 1 0.9831814546875 1
2 0.8019169328125001 0.750508278125 0.8338658140625 0.7519605 0.8425791453125001 0.7432471671875 0.8237002625000001 0.706941621875 0.8164391515625 0.6953238453125 0.8106302640624999 0.6808016265625 0.7859424921875 0.6706360734375 0.7743247171875 0.6691838515625 0.7641591625 0.6866105140625 0.77868138125 0.721463840625 0.7902991578125 0.73743828125 0.8019169328125001 0.750508278125
2 0.9878013359375 0.6837060703125 0.9790880046874999 0.6633749625 0.9660180078125 0.6575660765625 0.9587568984375 0.6575660765625 0.9558524531250001 0.6735405171875 0.9558524531250001 0.6793494046874999 0.9631135640625 0.6924194015625 0.970374671875 0.6938716234375 0.9819924484375001 0.6938716234375 0.9878013359375 0.6837060703125
2 0.6363636359375 0.4528027875 0.6015103109375 0.43247168281250004 0.5942492015624999 0.43247168281250004 0.589892534375 0.43247168281250004 0.5797269828125 0.43828056875000004 0.5797269828125 0.4528027875 0.5986058671875 0.4629683421875 0.6174847531250001 0.468777228125 0.632006971875 0.4644205640625 0.6363636359375 0.4528027875
2 0.525994771875 0.425210571875 0.5303514375 0.4194016859375 0.49695033437499997 0.393261690625 0.48968922499999995 0.399070578125 0.4795236703125 0.40052279999999996 0.4650014515625 0.41504501875 0.46790589687499995 0.425210571875 0.48968922499999995 0.43537612656249997 0.508568109375 0.4339239046875 0.525994771875 0.425210571875
2 0.51002033125 0.364217253125 0.520185884375 0.3830961375 0.531803659375 0.3830961375 0.5477781 0.3772872484375 0.5477781 0.365669475 0.52744699375 0.3569561421875 0.505663665625 0.355503921875 0.508040028125 0.3661975546875 0.51002033125 0.364217253125
2 0 0.6250363046875 0.0046471109375 0.6227127515624999 0.0220737734375 0.60819053125 0.0554748765625 0.59657275625 0.08742375937499999 0.586407203125 0.1121115296875 0.5631716531250001 0.10920708593749999 0.54429276875 0.0830670921875 0.542840546875 0.0511182109375 0.545744990625 0.0031948875 0.57914609375 0 0.5820505390624999 0 0.6250363046875
2 0.3996514671875 0.2916061578125 0.4025559109375 0.3017717109375 0.40110368906250005 0.3162939296875 0.41998257343749995 0.3177461515625 0.411269240625 0.2974150453125 0.3996514671875 0.2916061578125
2 0.48823700312499996 0.2988672671875 0.473714784375 0.3003194890625 0.4722625625 0.3104850421875 0.47661922656250005 0.3162939296875 0.49259366718750003 0.3191983734375 0.49695033437499997 0.3162939296875 0.502759221875 0.3104850421875 0.48823700312499996 0.2988672671875
2 0.47807144843750005 0.264013940625 0.48823700312499996 0.264013940625 0.49695033437499997 0.2567528328125 0.49840255625 0.25094394375 0.48097589375 0.24513505625 0.4664536734375 0.2567528328125 0.47807144843750005 0.264013940625
2 0.4954981125 0.2073772875 0.48097589375 0.21028173125 0.48097589375 0.21318617343750002 0.48968922499999995 0.21899506249999998 0.514376996875 0.21899506249999998 0.514376996875 0.2073772875 0.49695033437499997 0.2001161765625 0.4954981125 0.2073772875
2 0.6523380765625 0.44263723437499997 0.6595991875 0.44263723437499997 0.6712169609374999 0.42230612812499996 0.6668602953125 0.40923613124999997 0.66250363125 0.393261690625 0.64507696875 0.3743828046875 0.6276503046874999 0.3758350265625 0.6058669765625 0.38600058125 0.6145803078125 0.410688353125 0.6232936390625 0.43247168281250004 0.6523380765625 0.44263723437499997
2 0.2282892828125 0.3133894859375 0.24571594531250002 0.3017717109375 0.2573337203125 0.2916061578125 0.23700261406249998 0.2756317171875 0.23409817031250002 0.2698228296875 0.1672959625 0.2887017140625 0.17165262812499998 0.3003194890625 0.180365959375 0.3075805984375 0.19343595625 0.3119372640625 0.2282892828125 0.3133894859375