2 0.3162761625 0.4635231828125 0.404248671875 0.43347792656250006 0.39625117187500003 0.4154507734375 0.336269915625 0.4154507734375 0.3162761625 0.4635231828125
2 0.18831615156249998 0.5176046421875 0.26829115937500003 0.5055865390625 0.264292409375 0.48155033437499994 0.20031240156250002 0.469532234375 0.18431740000000002 0.48155033437499994 0.18831615156249998 0.5176046421875
2 0.596188690625 0.4635231828125 0.708153703125 0.4755412828125 0.6841611999999999 0.439486978125 0.62417994375 0.43347792656250006 0.6001874421875 0.439486978125 0.596188690625 0.4635231828125
2 0.840112465625 0.5236136921875 0.7641362078125 0.5176046421875 0.7481412062499999 0.547649896875 0.7681349578125001 0.5656770515625 0.8241174640625 0.58971325625 0.8521087171874999 0.5716861015625 0.840112465625 0.5236136921875
2 0.8441112140625 0.6017313578125 0.8121212109375 0.6017313578125 0.7761324593750001 0.6257675625 0.8081224625000001 0.679849021875 0.8481099656250001 0.6738399703125 0.87610121875 0.6377856656249999 0.8441112140625 0.6017313578125
2 0 0.6377856656249999 0.0563573890625 0.6377856656249999 0.084348640625 0.5656770515625 0.0363636359375 0.547649896875 0 0.5710691015625 0 0.6377856656249999
2 0.5042174312500001 0.5656770515625 0.41624492343749997 0.559668 0.38425492031249997 0.5837042046875001 0.4002499234375 0.6317766140625001 0.5322086859375 0.6137494609374999 0.5322086859375 0.58971325625 0.5042174312500001 0.5656770515625
2 0.4602311765625 0.7940209953124999 0.5042174312500001 0.8000300453125 0.5601999375 0.7519576359375 0.5562011874999999 0.697876175 0.4722274296875 0.697876175 0.432239925 0.7339304828125 0.432239925 0.7639757390625 0.4602311765625 0.7940209953124999
2 0.38425492031249997 0.9142020171875 0.524211184375 0.9202110687499999 0.592189940625 0.8781477093750001 0.5122149328125001 0.8360843515624999 0.41224617343750003 0.848102453125 0.38425492031249997 0.9142020171875
2 0.16432365 0.8300753000000001 0.2562949078125 0.8240662484374999 0.3162761625 0.7519576359375 0.23230240625 0.7038852265625 0.1803186515625 0.7038852265625 0.15232739687500002 0.7159033296875 0.1283348953125 0.7639757390625 0.16432365 0.8300753000000001
2 0.8638100578125 1 0.8441112140625 0.9682834781249999 0.7601374578125 0.938238221875 0.7481412062499999 0.9021839140625 0.728147453125 0.9021839140625 0.6723541749999999 1 0.8638100578125 1