2 0 0.4835450734375 0.036515784375 0.46747812812499995 0.08976797343750001 0.45796880937499995 0.106884746875 0.40852035000000003 0.09166983749999999 0.349562571875 0.06694560625 0.3267402046875 0.0270064671875 0.332445796875 0.0060859640625 0.340053253125 0 0.34275812499999997 0 0.4835450734375
2 0.3212432046875 1 0.3236972234375 0.99239254375 0.31799163125 0.9334347656249999 0.3084823109375 0.8744769874999999 0.3122860390625 0.844047165625 0.3275009515625 0.8060098890624999 0.283758084375 0.781285659375 0.2362114875 0.7774819328125 0.2114872578125 0.798402434375 0.2038798015625 0.8155192093749999 0.1810574375 0.8763788515625001 0.1487257515625 0.9125142640625 0.13160897656249998 0.9467478140625 0.12153423906250001 1 0.3212432046875 1
2 0.268543171875 0.7128185625000001 0.30467858593749997 0.693799925 0.3332065421875 0.6861924687500001 0.36934195625 0.655762646875 0.3902624578125 0.6405477359375 0.376949409375 0.6082160515624999 0.3370102703125 0.600608596875 0.295169265625 0.583491821875 0.283758084375 0.583491821875 0.24381894375000002 0.61582350625 0.23050589531250001 0.66717383125 0.2419170796875 0.7071129703125 0.268543171875 0.7128185625000001
2 0.21529098593749998 0.4256371234375 0.23811335156250002 0.44655762499999996 0.2609357171875 0.4826930390625 0.2666413078125 0.50551540625 0.283758084375 0.5150247234374999 0.3160897671875 0.49030049375000007 0.3370102703125 0.47508558437500004 0.35983263593750003 0.46747812812499995 0.36934195625 0.46557626562500004 0.3636363640625 0.44655762499999996 0.3522251796875 0.43514644375 0.3198934953125 0.41042221406249996 0.2894636734375 0.40661848593750005 0.2647394453125 0.40852035000000003 0.2419170796875 0.4142259421875 0.2076835296875 0.42373526093749997 0.21529098593749998 0.4256371234375
2 0.12780524843750002 0.4864967671875 0.106884746875 0.513122859375 0.10117915468750001 0.5321414984375 0.1201977921875 0.5454545453125 0.162038796875 0.54355268125 0.1829592984375 0.5188284515625 0.1867630265625 0.5093191312500001 0.15823507187500002 0.4922023578125 0.12780524843750002 0.4864967671875
2 0.47204260312499996 0.5264359078124999 0.4739444671875 0.54355268125 0.49296310468750004 0.5663750484375 0.5081780140625 0.5853936859375 0.4872575125 0.627234690625 0.4853556484375 0.6291365546875001 0.5290985171875 0.6405477359375 0.553822746875 0.6519589203125 0.5747432484375 0.655762646875 0.5956637515625001 0.6481551921875 0.597565615625 0.6234309625 0.56903765625 0.600608596875 0.5709395203125001 0.5473564093750001 0.5595283375 0.52453404375 0.5329022453125 0.520730315625 0.5119817421875 0.520730315625 0.47204260312499996 0.5264359078124999
2 0.6926588046875 0.6443514640625 0.7383035375 0.659566375 0.7839482703125 0.663370103125 0.7953594515625 0.7109166984375 0.8143780906250001 0.7318372015625 0.8276911374999999 0.7470521109375 0.8295930015625 0.6899961968749999 0.823887409375 0.6766831484375 0.8086724999999999 0.619627234375 0.7991631796875 0.6177253703125001 0.770635221875 0.6082160515624999 0.7402054015624999 0.593001140625 0.7173830359375 0.5949030046875 0.6869532140625 0.6291365546875001 0.6926588046875 0.6443514640625
2 0.669646253125 1 0.68505135 0.9828832265624999 0.698364396875 0.9239254484374999 0.68505135 0.8839863078124999 0.6375047546875 0.8326359828125 0.6070749328125 0.81171548125 0.572841384375 0.798402434375 0.5671357921875 0.8060098890624999 0.5271966531250001 0.8611639421874999 0.523392925 0.9068086718749999 0.5310003812499999 0.9505515390625 0.5671357921875 0.9942944078125 0.5985165453125 1 0.669646253125 1
2 0.47965005625 0.6957017890625 0.464435146875 0.6918980609375 0.4225941421875 0.6880943328125 0.4035755046875 0.6861924687500001 0.384556865625 0.69760365 0.3978699125 0.7147204265625 0.44351464375000005 0.74134651875 0.47774819218750003 0.7394446546875 0.491061240625 0.7299353375 0.49486496874999997 0.7147204265625 0.47965005625 0.6957017890625
2 0.9151768718750001 0.8687713953125 0.89045264375 0.8212248015625001 0.8809433249999999 0.8060098890624999 0.8733358687500001 0.7869912515624999 0.8410041843749999 0.7736782046874999 0.8257892734375 0.771776340625 0.8124762265625 0.7945987078125001 0.8314948640625 0.8402434390625 0.8467097765625 0.8611639421874999 0.8619246859375 0.878280715625 0.903765690625 0.8801825796875 0.9151768718750001 0.8687713953125
2 0.589958159375 0.4617725375 0.5842525671875001 0.4617725375 0.5709395203125001 0.4693799921875 0.5709395203125001 0.48839862968750003 0.5956637515625001 0.5017116781250001 0.62038798125 0.5093191312500001 0.63940661875 0.5036135421875 0.6451122093749999 0.48839862968750003 0.5994674796874999 0.4617725375 0.589958159375 0.4617725375
2 0.4625332828125 0.41042221406249996 0.4530239640625 0.41802966875 0.439710915625 0.41993153281250006 0.42069227812500004 0.438950171875 0.42449600624999995 0.4522632171875 0.4530239640625 0.46557626562500004 0.47774819218750003 0.4636744015625 0.5005705578125 0.4522632171875 0.5062761499999999 0.44465576406249996 0.4625332828125 0.41042221406249996
2 0.5081780140625 0.3971091671875 0.5290985171875 0.38950171093749997 0.5290985171875 0.3742868015625 0.5024724218750001 0.3628756171875 0.4739444671875 0.3609737546875 0.47705660625 0.3749783875 0.47965005625 0.3723849375 0.49296310468750004 0.3971091671875 0.5081780140625 0.3971091671875
2 0.3370102703125 0.30962343125 0.36173449999999996 0.3115252953125 0.35032331562499996 0.2848992015625 0.33510840625 0.27729174687499997 0.338912134375 0.2906047921875 0.3370102703125 0.30962343125
2 0.4302015984375 0.302015975 0.4359071890625 0.30962343125 0.45682769062500006 0.313427159375 0.4625332828125 0.30962343125 0.4701407390625 0.302015975 0.45112209999999997 0.286801065625 0.43210346250000004 0.288702928125 0.4302015984375 0.302015975
2 0.4625332828125 0.2316470140625 0.464435146875 0.22403955781249998 0.4416127796875 0.216432103125 0.4225941421875 0.2316470140625 0.4378090515625 0.2411563328125 0.45112209999999997 0.2411563328125 0.4625332828125 0.2316470140625
2 0.4416127796875 0.1745910984375 0.4530239640625 0.1821985546875 0.4853556484375 0.1821985546875 0.4853556484375 0.16698364375000002 0.4625332828125 0.157474325 0.46063141874999997 0.16698364375000002 0.4416127796875 0.17078737187499998 0.4416127796875 0.1745910984375
2 0.6907569421875001 0.4484594890625 0.68505135 0.43134271562500004 0.6793457593750001 0.41042221406249996 0.65652339375 0.3856979828125 0.6337010265624999 0.38759984687500004 0.60517306875 0.40091289531249996 0.616584253125 0.43324457968749996 0.627995434375 0.4617725375 0.6660327109375 0.47508558437500004 0.67554203125 0.47508558437500004 0.6907569421875001 0.4484594890625
2 0.1487257515625 0.27729174687499997 0.12209965625000001 0.2563712453125 0.11829593125 0.2487637890625 0.0308101953125 0.27348801875 0.036515784375 0.288702928125 0.04792696875 0.2982122484375 0.0650437421875 0.30391783906250003 0.11068847500000001 0.305819703125 0.13351084062500002 0.2906047921875 0.1487257515625 0.27729174687499997