2 0.2952182953125 0.558471934375 0.2926195421875 0.5766632015625001 0.3393970890625 0.58186070625 0.3627858625 0.56886694375 0.3627858625 0.550675675 0.31860706875 0.5454781703125 0.2952182953125 0.558471934375
2 0.4615384609375 0.5870582125 0.43035343125000003 0.584459459375 0.4173596671875 0.600051975 0.425155925 0.6208419968750001 0.4641372140625 0.615644490625 0.4615384609375 0.5870582125
2 0.529106028125 0.8079521828124999 0.54469854375 0.8287422046874999 0.573284821875 0.841735965625 0.60706860625 0.83134095625 0.60706860625 0.7871621625 0.5369022875 0.7741683984375001 0.529106028125 0.8079521828124999
2 0.466735965625 0.8027546781250001 0.44854469999999996 0.7689708937499999 0.409563409375 0.7533783781250001 0.3835758828125 0.771569646875 0.3731808734375 0.7949584203125 0.37837837812499997 0.8391372140625 0.43295218281250003 0.8365384609375001 0.466735965625 0.8027546781250001
2 0.066528065625 0.8495322249999999 0.0353430359375 0.8833160078125 0.0353430359375 0.9508835765624999 0.0535343046875 0.98206860625 0.10810810781249999 0.98206860625 0.1418918921875 0.948284821875 0.147089396875 0.8521309765625 0.1340956328125 0.8365384609375001 0.12110187187499999 0.8365384609375001 0.066528065625 0.8495322249999999
2 0.228399778125 1 0.24064449062499998 0.9768711015625 0.23804573750000002 0.9300935562499999 0.22765072812499998 0.91969854375 0.1886694390625 0.9170997921874999 0.14968815 0.9352910609375 0.13929313906250002 0.9690748453125 0.150890071875 1 0.228399778125 1
2 0.37551975 1 0.3887733890625 0.989864865625 0.39397089375 0.948284821875 0.375779625 0.922297296875 0.3290020796875 0.9119022875 0.2926195421875 0.940488565625 0.2926195421875 0.9872661109375 0.30535343125000003 1 0.37551975 1
2 0.46933472031249995 0.9924636187500001 0.5057172546875 0.9950623703125 0.5369022875 0.9664760906250001 0.5395010390625 0.927494803125 0.5161122671875 0.8911122671875 0.47713097656250003 0.8833160078125 0.45634095625000004 0.9119022875 0.45374220468750004 0.9768711015625 0.46933472031249995 0.9924636187500001
2 0.7003638265625 1 0.6876299375 0.9872661109375 0.6460498953125 0.9794698546875 0.6018711015625 0.989864865625 0.6023317890625 1 0.7003638265625 1
2 0.3445945953125 0.7819646578125 0.3471933484375 0.7507796250000001 0.32640332656250004 0.7455821203124999 0.2744282734375 0.779365903125 0.26923076875 0.8027546781250001 0.2770270265625 0.8235447 0.3004158 0.8235447 0.3445945953125 0.7819646578125
2 1 0.8697282453125 0.9838877328125 0.865124740625 0.916320165625 0.7923596671875 0.916320165625 0.75597713125 0.9449064437500001 0.727390853125 0.9371101875000001 0.6806133062499999 0.8799376296875 0.646829521875 0.827962578125 0.6416320171875001 0.7915800421875 0.6572245328124999 0.796777546875 0.6832120578125 0.8123700625 0.69360706875 0.7993762984375 0.7040020796875 0.76819126875 0.7040020796875 0.7214137218750001 0.6624220375000001 0.6902286906249999 0.6572245328124999 0.66943866875 0.672817046875 0.627858628125 0.6806133062499999 0.6200623703125 0.7040020796875 0.66943866875 0.7611746375 0.747401246875 0.8131496874999999 0.8123700625 0.8365384609375001 0.89293139375 0.833939709375 0.9371101875000001 0.904106028125 0.9391948375 1 1 1 1 0.8697282453125