2 0.3981554140625 1 0.402668759375 0.996389325 0.430926215625 0.943014128125 0.4277865 0.8739403453125 0.405808478125 0.8299843015624999 0.3712715859375 0.8017268453125 0.330455259375 0.789167975 0.24568288749999997 0.782888540625 0.060439560937500005 0.8142857140625 0.0227629515625 0.8331240187500001 0 0.8551282046875001 0 1 0.3981554140625 1
2 0.49686028125000004 0.5693877546875 0.4654631078125 0.6164835156249999 0.47488226093749997 0.68241758125 0.5502354796875 0.76091051875 0.603610675 0.7797488218749999 0.675824175 0.7797488218749999 0.7919937203125 0.69811616875 0.8045525890624999 0.6604395609375 0.8014128734374999 0.5882260593749999 0.7260596546875 0.5505494515625 0.584772371875 0.544270015625 0.49686028125000004 0.5693877546875
2 1 0.8231507984374999 0.9772370484374999 0.8017268453125 0.9615384609375001 0.8017268453125 0.8861852421874999 0.8331240187500001 0.8924646781250001 0.8896389328125001 0.9646781796875 0.9241758250000001 1 0.93006279375 1 0.8231507984374999
2 0 0.3254219 0.0070643625 0.32762951406249996 0.016483515625 0.3590266875 0.000784928125 0.3810047109375 0.000784928125 0.4218210375 0.0353218203125 0.4814756671875 0.154631084375 0.5034536890625 0.2299843015625 0.5034536890625 0.2896389328125 0.48461538437499996 0.35871271562499996 0.4940345375 0.3995290421875 0.46891679843749995 0.44976452031249997 0.40298273125 0.4466248046875 0.37158555781249997 0.3744113015625 0.349607534375 0.14207221406249998 0.33076923125 0.1295133421875 0.2993720578125 0.057299842187500005 0.2962323390625 0.0510204078125 0.28367346875 0.063579278125 0.2554160125 0.003924646875 0.2459968609375 0 0.24700967343750002 0 0.3254219
2 0.7323390890625 0.3621664046875 0.7386185249999999 0.337048665625 0.7260596546875 0.33076923125 0.6193092609375 0.321350078125 0.603610675 0.277394034375 0.5313971734375 0.26797488125 0.4623233921875 0.28053375156250004 0.44348508593749997 0.3025117734375 0.4623233921875 0.3025117734375 0.48744113125000005 0.3244897953125 0.581632653125 0.321350078125 0.5879120875 0.35588696875000003 0.6412872843749999 0.3872841453125 0.7009419140625 0.3841444265625 0.7323390890625 0.3621664046875
2 0.97409733125 0.5034536890625 0.999215071875 0.46263736250000004 0.9960753531250001 0.412401884375 0.9615384609375001 0.3935635796875 0.8956043953125 0.3935635796875 0.8516483515625 0.412401884375 0.8516483515625 0.4594976453125 0.9081632656249999 0.500313971875 0.936420721875 0.509733125 0.97409733125 0.5034536890625
2 0.3021978015625 0.2302982734375 0.35871271562499996 0.2554160125 0.4277865 0.2554160125 0.5439560453125 0.2177394046875 0.5376766078124999 0.1706436421875 0.4717425421875 0.167503925 0.3178963890625 0.19262166249999998 0.3021978015625 0.2302982734375
2 0 0.1623305265625 0.0447409734375 0.1643642078125 0.094976453125 0.13610675156250002 0.17660910624999998 0.1172684453125 0.1923076921875 0.101569859375 0.18288854062499998 0.0827315546875 0.1043956046875 0.0827315546875 0.025902668750000003 0.09215070625 0.000784928125 0.1266875984375 0 0.12696793125 0 0.1623305265625
2 0.167189953125 0.1832025125 0.11381475781249999 0.18006279375 0.076138146875 0.19890109843749998 0.0855573 0.2177394046875 0.1263736265625 0.2208791203125 0.17660910624999998 0.20204081562499998 0.167189953125 0.1832025125
2 0.261381475 0.264835165625 0.21114599531249997 0.25855573125000003 0.164050234375 0.28053375156250004 0.17346938750000002 0.3025117734375 0.21742543281249999 0.3087912078125 0.261381475 0.29309262187499996 0.261381475 0.264835165625
2 0.3681318671875 0.09215070625 0.2959183671875 0.09215070625 0.26452119375 0.114128728125 0.2802197796875 0.14238618593750002 0.327315540625 0.14238618593750002 0.3838304546875 0.1172684453125 0.3681318671875 0.09215070625
2 0.430926215625 0.09215070625 0.4623233921875 0.07331240156249999 0.402668759375 0.06389324843750001 0.3744113015625 0.070172684375 0.3681318671875 0.085871271875 0.430926215625 0.09215070625
2 0.164050234375 0.070172684375 0.330455259375 0.0607535328125 0.3995290421875 0.0387755109375 0.3869701734375 0.013657771874999999 0.24568288749999997 0.0073783375 0.10753532187499999 0.01993720625 0.088697015625 0.032496075 0.088697015625 0.0481946625 0.09811616875 0.0607535328125 0.164050234375 0.070172684375
2 0.5219780218750001 0.095290425 0.6224489796875 0.129827315625 0.7166405015625 0.104709575 0.7072213515625 0.0795918375 0.6821036109375 0.07331240156249999 0.5533751953125 0.07331240156249999 0.5251177390625 0.0795918375 0.5219780218750001 0.095290425
2 0.7229199375 0.2083202515625 0.6695447406249999 0.205180534375 0.6444270015625 0.21459968593749998 0.64756671875 0.23343798906250002 0.67896389375 0.2459968609375 0.7135007859375 0.2428571421875 0.7229199375 0.2083202515625
2 0.7009419140625 0.06389324843750001 0.7417582406250001 0.0607535328125 0.7637362624999999 0.026216640625 0.75117739375 0.00423861875 0.675824175 0.00423861875 0.64756671875 0.0073783375 0.6444270015625 0.026216640625 0.6978021984375 0.041915228124999995 0.6915227625 0.057613814062500004 0.7009419140625 0.06389324843750001