2 0.61346469375 1 0.639748696875 0.9503524359375 0.636684034375 0.8829298187499999 0.6152313828125 0.8400245171874999 0.5815200734375 0.8124425375 0.5416794359375 0.8001838812500001 0.45893349531250005 0.7940545515624999 0.278118296875 0.8247011953125 0.2413423234375 0.8430891812500001 0.149402390625 0.93196445 0.1404165640625 1 0.61346469375 1
2 1 0.60335580625 0.9278271531250001 0.5672693843750001 0.7899172546875 0.56114005625 0.7041066500000001 0.5856573703125 0.67346000625 0.6316273359375 0.682654 0.6959852890625 0.756205946875 0.7726019 0.808305240625 0.7909898859375 0.8787925218750001 0.7909898859375 0.99218510625 0.7113086109375 1 0.687863928125 1 0.60335580625
2 0.2229543359375 0.26999693593749996 0.1279497390625 0.2945142515625 0.1279497390625 0.319031565625 0.22601900000000003 0.34967821093749996 0.23521299375 0.3803248546875 0.219889671875 0.40177750625 0.219889671875 0.44161814374999997 0.2536009796875 0.4998467671875 0.3700582296875 0.52129941875 0.443610175 0.52129941875 0.5018387984375 0.5029114296875 0.569261415625 0.512105425 0.609102053125 0.487588109375 0.6581366828124999 0.4232301546875 0.6550720203125 0.3925835125 0.5845847375 0.37113086093750003 0.357799571875 0.352742875 0.3455409125 0.32209623125000003 0.27505363125 0.319031565625 0.26892430312500004 0.3067729078125 0.2811829609375 0.279190928125 0.2229543359375 0.26999693593749996
2 0.8450812125 0.407906834375 0.9033098359375 0.40484216875 0.9339564828125001 0.38338951718750003 0.9400858109374999 0.358872203125 0.9278271531250001 0.352742875 0.8236285625 0.34354888125 0.808305240625 0.3006435796875 0.7378179578124999 0.29144958593750003 0.6703953421875 0.30370824375 0.6520073546875 0.32516089375 0.6703953421875 0.32516089375 0.6949126578125 0.3466135453125 0.7868525890625 0.34354888125 0.79298191875 0.3772601890625 0.8450812125 0.407906834375
2 0.679589334375 0.193380325 0.529420778125 0.21789763906249998 0.51409745625 0.2546736140625 0.569261415625 0.279190928125 0.636684034375 0.279190928125 0.7500766171875 0.24241495624999998 0.7439472874999999 0.196444990625 0.679589334375 0.193380325
2 0.24440698749999998 0.119828378125 0.219889671875 0.1535396875 0.1769843703125 0.168863009375 0.19537235625 0.1872509953125 0.2627949734375 0.19031566093750002 0.31182960625 0.16273368125 0.39151088125 0.14434569375 0.40683420156250005 0.129022371875 0.397640209375 0.1106343859375 0.32102359687500004 0.1106343859375 0.24440698749999998 0.119828378125
2 0.3424762484375 0.24547961875 0.39151088125 0.22709163281250003 0.3823168859375 0.208703646875 0.3302175921875 0.20563898281249998 0.2934416171875 0.22402696875 0.3026356109375 0.24241495624999998 0.3424762484375 0.24547961875
2 0.43135151718750003 0.33129022343750003 0.47425681875 0.315966903125 0.47425681875 0.288384921875 0.4252221875 0.28225559375 0.37925222187499996 0.30370824375 0.38844621562500004 0.32516089375 0.43135151718750003 0.33129022343750003
2 0.5386147703125 0.168863009375 0.59377873125 0.14434569375 0.5784554078124999 0.119828378125 0.507968128125 0.119828378125 0.477321484375 0.1412810296875 0.49264480468749994 0.168863009375 0.5386147703125 0.168863009375
2 0.5845847375 0.0983757265625 0.5784554078124999 0.11369905 0.639748696875 0.119828378125 0.6703953421875 0.1014403921875 0.6121667171875 0.0922463984375 0.5845847375 0.0983757265625
2 0.305700275 0.076923078125 0.31489426875 0.089181734375 0.37925222187499996 0.0983757265625 0.5416794359375 0.089181734375 0.609102053125 0.067729084375 0.596843396875 0.043211768750000004 0.45893349531250005 0.037082440625000004 0.3240882625 0.049341096875000004 0.305700275 0.061599754687499994 0.305700275 0.076923078125
2 0.759270609375 0.1014403921875 0.7316886296875 0.107569721875 0.728623965625 0.12289304375000001 0.8266932265625 0.156604353125 0.9186331593749999 0.13208703593749999 0.9094391671875 0.107569721875 0.8849218499999999 0.1014403921875 0.759270609375 0.1014403921875
2 0.8818571875 0.26999693593749996 0.9155684953125001 0.2669322703125 0.9247624875 0.2332209625 0.87266319375 0.2301562984375 0.848145878125 0.23935029062500002 0.8512105421875 0.2577382765625 0.8818571875 0.26999693593749996
2 0.7164419265624999 0 0.7071713140625 0.00337113125 0.6979773203125 0.02482378125 0.759270609375 0.043211768750000004 0.838951884375 0.034017775 0.848145878125 0.0186944515625 0.84280460625 0 0.7164419265624999 0
2 0.9002451734375001 0.0707937484375 0.8941158453125 0.0861170703125 0.9033098359375 0.0922463984375 0.9431504734375 0.089181734375 0.964603125 0.055470426562499994 0.95234446875 0.034017775 0.8787925218750001 0.034017775 0.8512105421875 0.037082440625000004 0.848145878125 0.055470426562499994 0.9002451734375001 0.0707937484375
2 0.9315047484375001 0 0.9278271531250001 0.000306465625 0.9247624875 0.0095004609375 0.9891204421875001 0.0309531109375 1 0.0286217765625 1 0 0.9315047484375001 0
2 0 0.77455988125 0.0176218203125 0.7726019 0.039074471875 0.7419552546875 0.03600980625 0.7143732765624999 0.0268158125 0.692920625 0 0.675043415625 0 0.77455988125
2 0.0022984984375 0.3803248546875 0.0053631640625 0.407906834375 0.0819797734375 0.3864541828125 0.07278578125 0.368066196875 0.0145571546875 0.36193686875000003 0.0022984984375 0.3803248546875