2 0.0929070921875 0.966533465625 0.1078921078125 0.9790209781250001 0.17282717187500002 0.9840159843749999 0.35264735156250004 0.9840159843749999 0.38761238750000004 0.9715284703125 0.4875124875 0.891608390625 0.5099900093749999 0.8491508484375 0.5074925078125 0.79420579375 0.49000999062500006 0.759240759375 0.4625374625 0.7367632375000001 0.4300699296875 0.7267732265625 0.3626373625 0.721778221875 0.215284715625 0.746753246875 0.185314684375 0.7617382609375001 0.1103896109375 0.834165834375 0.0929070921875 0.966533465625
2 0.80719280625 0.624375625 0.8046953046875001 0.5669330671874999 0.7447552453124999 0.5369630375 0.6323676328125 0.5319680328125 0.5624375609375 0.5519480515625 0.5374625375 0.5894105890625 0.5449550453125 0.641858140625 0.60489510625 0.7042957046875 0.6473526484375001 0.71928071875 0.7047952046875 0.71928071875 0.797202796875 0.6543456546875001 0.80719280625 0.624375625
2 0.872127871875 0.7617382609375001 0.8771228765625001 0.80669330625 0.9345654343750001 0.834165834375 0.979520478125 0.841658340625 0.9970029968749999 0.8116883109374999 0.9970029968749999 0.774225775 0.9870129875 0.7767232765625 0.9445554453125 0.7367632375000001 0.93206793125 0.7367632375000001 0.872127871875 0.7617382609375001
2 0.2077922078125 0.32467532499999996 0.2177822171875 0.3021978015625 0.1703296703125 0.2947052953125 0.0929070921875 0.314685315625 0.0929070921875 0.334665334375 0.17282717187500002 0.35964036093749996 0.1803196796875 0.384615384375 0.1678321671875 0.40209790312499993 0.1678321671875 0.43456543437499995 0.1953046953125 0.4820179828125 0.29020979062499996 0.4995005 0.35014985 0.4995005 0.3976023984375 0.48451548437499997 0.45254745312500005 0.49200799218749997 0.4850149859375 0.47202797187499995 0.524975025 0.41958041875 0.5224775234375 0.39460539375 0.46503496406249994 0.3771228765625 0.28021978125 0.3621378625 0.27022976875000004 0.3371628375 0.21278721250000002 0.334665334375 0.2077922078125 0.32467532499999996
2 0.6298701296875 0.354645353125 0.634865134375 0.38211788125 0.6773226765625 0.4070929078125 0.7247752234375 0.4045954046875 0.7497502500000001 0.38711288593750004 0.7547452546875 0.3671328671875 0.7447552453124999 0.3621378625 0.6598401593750001 0.354645353125 0.6473526484375001 0.3196803203125 0.5899100890625 0.3121878109375 0.5349650359375 0.322177821875 0.51998001875 0.33966033906250004 0.5349650359375 0.33966033906250004 0.5549450546875 0.3571428578125 0.6298701296875 0.354645353125
2 0.8446553437500001 0.42707292656250007 0.8446553437500001 0.4645354640625 0.8896103890625 0.49700299687499994 0.9120879125 0.5044955046874999 0.9420579421875 0.4995005 0.9620379625 0.4670329671875 0.9595404593750001 0.42707292656250007 0.93206793125 0.4120879125 0.8796203796875 0.4120879125 0.8446553437500001 0.42707292656250007
2 1 0.5117025828124999 0.984515484375 0.509490509375 0.972027971875 0.5219780234375 0.972027971875 0.564435565625 0.9970029968749999 0.5669330671874999 1 0.5695554453125 1 0.5117025828124999
2 0.5999000999999999 0.2722277734375 0.59490509375 0.2347652359375 0.5424575421875 0.23226773281250002 0.4200799203125 0.2522477515625 0.40759240781250006 0.2822177828125 0.45254745312500005 0.3021978015625 0.5074925078125 0.3021978015625 0.5999000999999999 0.2722277734375
2 0.3126873140625 0.164835165625 0.25024975 0.164835165625 0.1878121890625 0.172327671875 0.1678321671875 0.1998002 0.1328671328125 0.2122877125 0.1478521484375 0.2272727265625 0.202797203125 0.22977023124999998 0.24275724375 0.20729270781250003 0.3076923078125 0.1923076921875 0.32017982031250003 0.1798201796875 0.3126873140625 0.164835165625
2 0.2277722265625 0.25724275625000004 0.23526473593750002 0.2722277734375 0.2677322671875 0.274725275 0.3076923078125 0.259740259375 0.3001998 0.2447552453125 0.25774225781250004 0.24225774218749999 0.2277722265625 0.25724275625000004
2 0.297702296875 0.322177821875 0.30519480468750004 0.33966033906250004 0.34015984062500004 0.34465534375 0.37512487499999997 0.3321678328125 0.37512487499999997 0.309690309375 0.335164834375 0.3046953046875 0.297702296875 0.322177821875
2 0.377622378125 0.18981019062499999 0.3901098890625 0.2122877125 0.42757242656249994 0.2122877125 0.472527471875 0.1923076921875 0.460039959375 0.172327671875 0.402597403125 0.172327671875 0.377622378125 0.18981019062499999
2 0.5349650359375 0.1573426578125 0.4875124875 0.14985015 0.46503496406249994 0.1548451546875 0.460039959375 0.1673326671875 0.5099900093749999 0.172327671875 0.5349650359375 0.1573426578125
2 0.9463203453125001 1 0.9070929078125 0.9690309687499999 0.7672327671875 0.9515484515624999 0.6948051953125 0.9640359640625 0.68231768125 0.9840159843749999 0.68231768125 1 0.9463203453125001 1
2 0.252747253125 0.11488511562499999 0.2377622375 0.124875125 0.2377622375 0.1373626375 0.24525474531250002 0.1473526484375 0.297702296875 0.1548451546875 0.4300699296875 0.1473526484375 0.4850149859375 0.1298701296875 0.475024975 0.10989011093750001 0.3626373625 0.10489510625000001 0.252747253125 0.11488511562499999
2 0.7297702312500001 0.16233766249999998 0.709790209375 0.1573426578125 0.6073926078125 0.1573426578125 0.5849150843750001 0.16233766249999998 0.5824175828125 0.174825175 0.6623376624999999 0.202297703125 0.7372627375 0.18231768125 0.7297702312500001 0.16233766249999998
2 0.6798201796875001 0.26973026875 0.68231768125 0.284715284375 0.7072927078125 0.2947052953125 0.7347652359375 0.29220779218750004 0.7422577421875001 0.2647352640625 0.6998002 0.26223776249999997 0.6798201796875001 0.26973026875
2 0.6798201796875001 0.0899100890625 0.6748251749999999 0.0724275734375 0.5924075921874999 0.06743256875 0.5649350656250001 0.077422578125 0.55744255625 0.09490509375 0.6073926078125 0.10989011093750001 0.672327671875 0.1023976015625 0.6798201796875001 0.0899100890625
2 0.68231768125 0.10489510625000001 0.6798201796875001 0.11988012031249999 0.7222777218750001 0.1323676328125 0.7172827171875 0.14485514375 0.7247752234375 0.14985015 0.7572427562499999 0.1473526484375 0.774725275 0.11988012031249999 0.7647352640625 0.1023976015625 0.7047952046875 0.1023976015625 0.68231768125 0.10489510625000001
2 0.774725275 0.064935065625 0.774725275 0.0724275734375 0.7447552453124999 0.074925075 0.7422577421875001 0.0824175828125 0.7947052953125 0.0999001 0.8296703296875 0.0924075921875 0.8121878109375 0.074925075 0.8321678328125 0.064935065625 0.8396603390624999 0.047452546875 0.7797202796875 0.047452546875 0.7547452546875 0.0324675328125 0.7072927078125 0.0299700296875 0.6948051953125 0.0349650359375 0.6973026984375 0.0424575421875 0.7422577421875001 0.047452546875 0.774725275 0.064935065625
2 0 0.7046287046875 0.002997003125 0.7042957046875 0.020479521875 0.6793206781250001 0.017982017187499998 0.6568431578125 0.010489509375 0.6393606390625 0 0.6323676328125 0 0.7046287046875
2 0 0.405134865625 0.0554445546875 0.3896103890625 0.0479520484375 0.37462537500000004 0.0004995 0.3696303703125 0 0.3703796203125 0 0.405134865625