2 0.3281567484375 0.47445573281250003 0.35428156718750003 0.4599419453125 0.35428156718750003 0.4396226421875 0.3049346890625 0.43381712656250004 0.27880987031250004 0.448330915625 0.27590711093750003 0.46865021718750005 0.3281567484375 0.47445573281250003
2 0.42975326562499994 0.477358490625 0.415239478125 0.4947750359375 0.42394775156250003 0.5179970984375 0.467489115625 0.51219158125 0.46458635625 0.48026124843750007 0.42975326562499994 0.477358490625
2 0.589404934375 0.76473149375 0.6271407828125 0.7531204640625 0.6271407828125 0.703773584375 0.5487663281249999 0.6892597968749999 0.5400580546875 0.7269956453125 0.5574746 0.7502177078125001 0.589404934375 0.76473149375
2 0.377503628125 0.6863570390625 0.3658925984375 0.7124818578125 0.3716981125 0.7618287375 0.432656021875 0.7589259796875 0.470391871875 0.7211901296875001 0.45007257031250003 0.68345428125 0.406531203125 0.6660377359375 0.377503628125 0.6863570390625
2 0 0.9063031296874999 0.0088534109375 0.92148040625 0.06981132031250001 0.92148040625 0.10754717031250001 0.8837445562499999 0.11335268437499998 0.776342525 0.098838896875 0.7589259796875 0.084325109375 0.7589259796875 0.0233671984375 0.7734397671875 0 0.798754234375 0 0.9063031296874999
2 0.2178519578125 0.915674890625 0.2149492015625 0.8634252546875001 0.20333817187499997 0.851814221875 0.1597968078125 0.8489114656250001 0.11625544375 0.8692307703125 0.10464441093750002 0.90696661875 0.1220609578125 0.9534107390625 0.151088534375 0.97373004375 0.1917271421875 0.9650217703124999 0.2178519578125 0.915674890625
2 0.3687953546875 0.85471698125 0.31654571875 0.8431059515625 0.27590711093750003 0.875036284375 0.27590711093750003 0.9272859203125 0.3078374453125 0.9592162546875 0.3339622640625 0.967924528125 0.38330914374999997 0.9301886796875 0.3891146578125 0.8837445562499999 0.3687953546875 0.85471698125
2 0.47924528281249995 1 0.44426705312500003 0.9650217703124999 0.3804063875 0.9534107390625 0.3426705375 0.9766328015625 0.3379970984375 1 0.47924528281249995 1
2 0.5255442671874999 0.819883890625 0.4820029015625 0.8111756171875 0.4587808421875 0.8431059515625 0.455878084375 0.915674890625 0.4732946296875 0.9330914375000001 0.5139332359375001 0.93599419375 0.5487663281249999 0.9040638609375 0.5516690843750001 0.860522496875 0.5255442671874999 0.819883890625
2 0.7577648781249999 0.9882438328125 0.7461538453125 0.9563134984375001 0.7171262703125 0.9272859203125 0.670682146875 0.9185776484374999 0.6213352671875 0.9301886796875 0.6242380265625 0.994049346875 0.7577648781249999 0.9882438328125
2 0.2555878078125 0.6950653109375 0.2497822921875 0.7211901296875001 0.258490565625 0.7444121921875 0.284615384375 0.7444121921875 0.3339622640625 0.6979680703125 0.336865021875 0.663134978125 0.3136429609375 0.6573294625 0.2555878078125 0.6950653109375
2 1 0.610014515625 0.9957910015625 0.584760521875 0.9319303343750001 0.5470246734375 0.8738751812500001 0.5412191578125001 0.8332365749999999 0.558635703125 0.839042090625 0.5876632796875 0.8564586359374999 0.5992743109374999 0.8419448468749999 0.6108853421875 0.80711175625 0.6108853421875 0.75486211875 0.5644412187500001 0.720029028125 0.558635703125 0.696806965625 0.5760522484374999 0.6503628453125 0.584760521875 0.641654571875 0.6108853421875 0.696806965625 0.674746009375 0.7838896937500001 0.7328011609375 0.8564586359374999 0.7589259796875 0.946444121875 0.756023221875 0.9957910015625 0.834397678125 0.9986937578124999 0.967924528125 1 0.967882390625 1 0.7391202421874999 0.9725689390625 0.7095791 0.9725689390625 0.66894049375 1 0.641509434375 1 0.610014515625