2 0.3234432234375 0.534310134375 0.3210012203125 0.5514041515625 0.364957265625 0.55628815625 0.3869352875 0.54407814375 0.3869352875 0.5269841265624999 0.34542124531249996 0.522100121875 0.3234432234375 0.534310134375
2 0.4821733828125 0.5880341875 0.47973137968749996 0.5611721625 0.4504273515625 0.558730159375 0.43821733749999997 0.5733821734375 0.4455433453125 0.59291819375 0.4821733828125 0.5880341875
2 0.5432234421875 0.76874236875 0.5578754578125 0.7882783890625 0.584737484375 0.8004884000000001 0.6164835156249999 0.790720390625 0.6164835156249999 0.7492063484375 0.5505494515625 0.7369963359375 0.5432234421875 0.76874236875
2 0.46752136875000005 0.73211233125 0.4308913296875 0.7174603171875 0.40647130625 0.7345543343750001 0.396703296875 0.7565323578125 0.4015873015625 0.7980463984374999 0.452869353125 0.7956043953124999 0.48461538437499996 0.7638583640625 0.46752136875000005 0.73211233125
2 0.096336996875 0.93235653125 0.147619046875 0.93235653125 0.17936507968749998 0.9006105 0.184249084375 0.8102564093750001 0.172039071875 0.7956043953124999 0.1598290609375 0.7956043953124999 0.1085470078125 0.8078144078125 0.0792429796875 0.8395604390625 0.0792429796875 0.9030525031250001 0.096336996875 0.93235653125
2 0.215995115625 0.9763125765625 0.25018315156250004 0.9689865687499999 0.272161171875 0.9274725265624999 0.26971917031250003 0.8835164843750001 0.2599511609375 0.8737484734375001 0.22332112343750002 0.8713064718749999 0.18669108750000002 0.8884004890625 0.1769230765625 0.9201465203125 0.1915750921875 0.9592185593749999 0.215995115625 0.9763125765625
2 0.4113553109375 0.9396825390625001 0.41623931562500005 0.9006105 0.3991452984375 0.8761904765624999 0.35518925625 0.8664224671874999 0.3210012203125 0.8932844937500001 0.3210012203125 0.9372405359375 0.347863246875 0.9641025640625 0.36984127031249997 0.971428571875 0.4113553109375 0.9396825390625001
2 0.49365079375 1 0.46263736250000004 0.9689865687499999 0.40891330937500003 0.9592185593749999 0.377167278125 0.9787545796874999 0.37291819375 1 0.49365079375 1
2 0.5505494515625 0.9177045171874999 0.552991453125 0.88107448125 0.53101343125 0.846886446875 0.49438339375 0.8395604390625 0.47484737499999996 0.8664224671874999 0.47240537343750005 0.9274725265624999 0.4870573875 0.9421245421875 0.5212454203125 0.94456654375 0.5505494515625 0.9177045171874999
2 0.6115995109375 0.9396825390625001 0.6140415140625 0.99340659375 0.7263736265625 0.9885225890625 0.716605615625 0.9616605625 0.6921855921875 0.9372405359375 0.6531135531250001 0.9299145296875 0.6115995109375 0.9396825390625001
2 0.3722832734375 0.7150183140624999 0.352747253125 0.710134309375 0.30390720312499997 0.7418803406250001 0.29902319843749997 0.7638583640625 0.30634920625 0.783394384375 0.328327228125 0.783394384375 0.36984127031249997 0.7443223437500001 0.3722832734375 0.7150183140624999
2 1 0.8308738874999999 0.9705738703125 0.822466421875 0.9070818062500001 0.7540903546875 0.9070818062500001 0.7199023203125 0.9339438328125 0.69304029375 0.9266178265624999 0.6490842484375 0.8728937734375 0.6173382171874999 0.8240537234374999 0.6124542125 0.789865690625 0.6271062265625 0.7947496953125001 0.6515262515625 0.8094017093750001 0.6612942625 0.797191696875 0.671062271875 0.76788766875 0.671062271875 0.7239316234375 0.63199023125 0.6946275953125001 0.6271062265625 0.6750915749999999 0.641758240625 0.6360195359375 0.6490842484375 0.628693528125 0.671062271875 0.6750915749999999 0.724786325 0.748351646875 0.7736263734375 0.8094017093750001 0.7956043953124999 0.8851037859374999 0.7931623937500001 0.9266178265624999 0.859096459375 0.929059828125 0.971428571875 1 0.9691401781250001 1 0.8308738874999999