2 0.10830280781249998 0.965689865625 0.122954821875 0.9778998781249999 0.1864468859375 0.9827838828125 0.36227106249999996 0.9827838828125 0.396459096875 0.9705738703125 0.49413919375 0.8924297921875001 0.516117215625 0.8509157515625001 0.5136752140625 0.797191696875 0.49658119687499996 0.7630036640625 0.4697191703125 0.741025640625 0.43797313750000005 0.73125763125 0.372039071875 0.7263736265625 0.227960928125 0.7507936515625 0.1986568984375 0.7654456656249999 0.125396825 0.8362637359375 0.10830280781249998 0.965689865625
2 0.80671550625 0.63113553125 0.8042735046875 0.574969475 0.7456654453125 0.5456654453125 0.6357753359375 0.540781440625 0.5673992671875 0.5603174609375 0.5429792421874999 0.596947496875 0.5503052515625 0.648229546875 0.608913309375 0.709279609375 0.6504273515625 0.7239316234375 0.70659340625 0.7239316234375 0.796947496875 0.6604395609375 0.80671550625 0.63113553125
2 0.8702075703125001 0.7654456656249999 0.8750915750000001 0.8094017093750001 0.9312576312499999 0.8362637359375 0.975213675 0.8435897421874999 0.9923076921874999 0.8142857140625 0.9923076921874999 0.777655678125 0.9825396828124999 0.7800976796875 0.9410256406249999 0.741025640625 0.928815628125 0.741025640625 0.8702075703125001 0.7654456656249999
2 0.22063492031249998 0.33809523750000003 0.2304029296875 0.316117215625 0.184004884375 0.308791209375 0.10830280781249998 0.328327228125 0.10830280781249998 0.347863246875 0.1864468859375 0.3722832734375 0.19377289375 0.396703296875 0.18156288125 0.41379731406250003 0.18156288125 0.4455433453125 0.2084249078125 0.4919413921875 0.3012210015625 0.509035409375 0.3598290609375 0.509035409375 0.40622710624999997 0.49438339375 0.4599511609375 0.5017094015625 0.49169719218749997 0.4821733828125 0.5307692296875001 0.4308913296875 0.528327228125 0.40647130625 0.472161171875 0.3893772890625 0.2914529921875 0.37472527499999997 0.28168498125 0.3503052515625 0.22551892499999998 0.347863246875 0.22063492031249998 0.33809523750000003
2 0.6333333328124999 0.3673992671875 0.6382173375 0.39426129374999996 0.6797313796875 0.41868131875000003 0.726129425 0.41623931562500005 0.7505494515625 0.3991452984375 0.75543345625 0.3796092796875 0.7456654453125 0.37472527499999997 0.6626373625 0.3673992671875 0.6504273515625 0.3332112328125 0.59426129375 0.325885225 0.540537240625 0.335653234375 0.525885225 0.352747253125 0.540537240625 0.352747253125 0.5600732609375 0.36984127031249997 0.6333333328124999 0.3673992671875
2 0.8433455421874999 0.43821733749999997 0.8433455421874999 0.47484737499999996 0.8873015875 0.50659340625 0.909279609375 0.5139194140625001 0.9385836375000001 0.509035409375 0.9581196593750001 0.47728937812499994 0.95567765625 0.43821733749999997 0.928815628125 0.42356532343750003 0.877533578125 0.42356532343750003 0.8433455421874999 0.43821733749999997
2 1 0.5216466078125 0.9800976796875001 0.5188034187499999 0.9678876687500001 0.53101343125 0.9678876687500001 0.5725274734375 0.9923076921874999 0.574969475 1 0.5817002437500001 1 0.5216466078125
2 0.6040293046875 0.2868131875 0.5991452984375 0.25018315156250004 0.547863246875 0.247741146875 0.428205128125 0.2672771671875 0.415995115625 0.296581196875 0.4599511609375 0.316117215625 0.5136752140625 0.316117215625 0.6040293046875 0.2868131875
2 0.3231990234375 0.1818070828125 0.2621489625 0.1818070828125 0.2010989015625 0.18913308906249998 0.18156288125 0.215995115625 0.147374846875 0.228205128125 0.1620268625 0.2428571421875 0.215750915625 0.24529914531250002 0.25482295625 0.22332112343750002 0.31831501875 0.20866910781249998 0.3305250296875 0.19645909687500002 0.3231990234375 0.1818070828125
2 0.24017093906250003 0.272161171875 0.24749694687499998 0.2868131875 0.2792429796875 0.28925518906250003 0.31831501875 0.27460317500000003 0.31098901093750003 0.2599511609375 0.2694749703125 0.2575091578125 0.24017093906250003 0.272161171875
2 0.3085470078125 0.335653234375 0.315873015625 0.352747253125 0.3500610515625 0.3576312578125 0.384249084375 0.34542124531249996 0.384249084375 0.3234432234375 0.34517704375 0.31855921875000004 0.3085470078125 0.335653234375
2 0.3866910875 0.20622710625 0.3989010984375 0.228205128125 0.435531134375 0.228205128125 0.47948717968750004 0.20866910781249998 0.4672771671875 0.18913308906249998 0.41111111093749997 0.18913308906249998 0.3866910875 0.20622710625
2 0.540537240625 0.174481075 0.49413919375 0.1671550671875 0.472161171875 0.172039071875 0.4672771671875 0.184249084375 0.516117215625 0.18913308906249998 0.540537240625 0.174481075
2 0.9447619046875 1 0.9043956046874999 0.9681318687499999 0.76764346875 0.9510378515625 0.696825396875 0.9632478640625 0.684615384375 0.9827838828125 0.684615384375 1 0.9447619046875 1
2 0.264590965625 0.1329670328125 0.2499389484375 0.1427350421875 0.2499389484375 0.15494505625 0.25726495781250003 0.16471306562500002 0.3085470078125 0.172039071875 0.43797313750000005 0.16471306562500002 0.49169719218749997 0.147619046875 0.4819291828125 0.128083028125 0.372039071875 0.1231990234375 0.264590965625 0.1329670328125
2 0.73101343125 0.17936507968749998 0.7114774109375 0.174481075 0.6113553109375001 0.174481075 0.5893772890625 0.17936507968749998 0.5869352875 0.1915750921875 0.665079365625 0.21843711875 0.7383394375 0.19890109843749998 0.73101343125 0.17936507968749998
2 0.6821733828125 0.284371184375 0.684615384375 0.29902319843749997 0.709035409375 0.308791209375 0.7358974359375 0.30634920625 0.7432234421875 0.2794871796875 0.7017094015625001 0.27704517812499996 0.6821733828125 0.284371184375
2 0.6821733828125 0.1085470078125 0.677289378125 0.0914529921875 0.596703296875 0.0865689875 0.5698412703125 0.096336996875 0.5625152625000001 0.11343101250000001 0.6113553109375001 0.128083028125 0.6748473749999999 0.12075702031249999 0.6821733828125 0.1085470078125
2 0.684615384375 0.1231990234375 0.6821733828125 0.1378510375 0.7236874234374999 0.1500610515625 0.71880341875 0.1622710625 0.726129425 0.1671550671875 0.7578754578125 0.16471306562500002 0.774969475 0.1378510375 0.765201465625 0.12075702031249999 0.70659340625 0.12075702031249999 0.684615384375 0.1231990234375
2 0.774969475 0.084126984375 0.774969475 0.0914529921875 0.7456654453125 0.09389499375 0.7432234421875 0.1012210015625 0.7945054953125 0.11831501874999999 0.8286935281250001 0.1109890109375 0.8115995109374999 0.09389499375 0.83113553125 0.084126984375 0.8384615375 0.0670329671875 0.7798534796875 0.0670329671875 0.75543345625 0.052380953125 0.709035409375 0.049938948437500005 0.696825396875 0.05482295625 0.6992674 0.0621489625 0.7432234421875 0.0670329671875 0.774969475 0.084126984375
2 0 0.7115452437500001 0.0203907203125 0.709279609375 0.0374847375 0.684859584375 0.035042734375 0.6628815640625 0.0277167265625 0.6457875453125 0 0.627309728125 0 0.7115452437500001
2 0.064346765625 0.3869352875 0.017948717187499998 0.3820512828125 0.0081807078125 0.396703296875 0.0106227109375 0.41868131875000003 0.071672771875 0.4015873015625 0.064346765625 0.3869352875