2 0.2907861375 0.4890109890625 0.2428853203125 0.4833755984375 0.2175260640625 0.497464075 0.21470836875 0.5171879390624999 0.26542688124999997 0.5228233296875 0.2907861375 0.5087348546875 0.2907861375 0.4890109890625
2 0.3584108203125 0.5650887578125 0.400676246875 0.559453365625 0.3978585515625 0.528458721875 0.3640462109375 0.525641025 0.349957734375 0.5425471953125001 0.3584108203125 0.5650887578125
2 0.555649478125 0.7454212453125 0.47957171093750006 0.73133276875 0.471118625 0.76796280625 0.4880247953125 0.79050436875 0.5190194406249999 0.8045928421875 0.555649478125 0.7933220624999999 0.555649478125 0.7454212453125
2 0.3076923078125 0.8017751484375 0.3668639046875 0.798957453125 0.40349394062500005 0.762327415625 0.3837700765625 0.7256973796875 0.3415046484375 0.708791209375 0.3133276984375 0.728515075 0.3020569171875 0.75387433125 0.3076923078125 0.8017751484375
2 0 0.9567483796875 0.0146520140625 0.9567483796875 0.0512820515625 0.9201183421874999 0.056917440625 0.8158636234375001 0.042828965625 0.798957453125 0.028740490624999997 0.798957453125 0 0.8058004265625 0 0.9567483796875
2 0.12839297031250002 1 0.1329952109375 0.99901380625 0.158354465625 0.9511129890625 0.1555367703125 0.9003944781250001 0.144265990625 0.8891236953125 0.1020005640625 0.8863060015625001 0.0597351375 0.9060298687499999 0.0484643546875 0.9426599046874999 0.06537052812500001 0.987743025 0.082880490625 1 0.12839297031250002 1
2 0.2734573109375 1 0.3189630875 0.965201465625 0.324598478125 0.9201183421874999 0.30487461250000003 0.8919413921875 0.2541561 0.8806706125 0.21470836875 0.9116652578125001 0.21470836875 0.96238376875 0.2457030140625 0.9933784156250001 0.265567765625 1 0.2734573109375 1
2 0.3922231609375 0.8806706125 0.3894054671875 0.9511129890625 0.4063116375 0.9680191609375 0.44575936875 0.9708368546875 0.47957171093750006 0.939842209375 0.4823894046875 0.8975767828125001 0.45703015 0.8581290515625 0.414764721875 0.8496759656249999 0.3922231609375 0.8806706125
2 0.67460744375 1 0.671174978125 0.9905607218749999 0.642998028125 0.96238376875 0.5979149046875001 0.953930684375 0.5500140874999999 0.965201465625 0.551595840625 1 0.67460744375 1
2 0.1978021984375 0.784868978125 0.22316145468749998 0.784868978125 0.27106227031249996 0.7397858546875 0.27387996718749996 0.7059735125 0.2513384046875 0.7003381234375 0.1949845015625 0.736968159375 0.1893491125 0.762327415625 0.1978021984375 0.784868978125
2 1 0.8401763062500001 0.9642152703125 0.8299520984375001 0.8909551984374999 0.7510566359374999 0.8909551984374999 0.7116089046875 0.92194984375 0.6806142578125 0.913496759375 0.6298957453125 0.8515074671875 0.593265709375 0.7951535640625 0.5876303187499999 0.7557058328124999 0.6045364890625 0.7613412234375 0.6327134390625 0.77824739375 0.643984221875 0.7641589171875001 0.6552550015625 0.7303465765625 0.6552550015625 0.6796280640625 0.6101718796875 0.6458157234375 0.6045364890625 0.6232741609375 0.621442659375 0.5781910406249999 0.6298957453125 0.5697379546875 0.6552550015625 0.6232741609375 0.7172442953125 0.7078050140625 0.7735981953125 0.77824739375 0.798957453125 0.86559594375 0.7961397578125 0.913496759375 0.8722175249999999 0.9162746390625 1 0.97309099375 1 1 0.9991319671875001 1 0.8401763062500001