2 0.744406209375 0.3593387953125 0.7156527859375 0.32679487812499997 0.6633738859375 0.3345434359375 0.6276499156249999 0.34384168125 0.611966284375 0.3670873546875 0.619808134375 0.40428045625 0.5936686828125 0.4244266921875 0.5661219843749999 0.44362139999999994 0.5954112859375 0.46936835156249995 0.632006490625 0.44457293125 0.659888678125 0.4011810203125 0.713038815625 0.388783340625 0.744406209375 0.3593387953125
2 0.71478141875 0.4197775703125 0.687037015625 0.43393851562499997 0.7078110046874999 0.4817660328125 0.7635751125 0.4755671625 0.7766448375 0.44457293125 0.743534840625 0.4166781359375 0.71478141875 0.4197775703125
2 0.359284928125 0.518959134375 0.3810678046875 0.5127602625 0.40023670781250004 0.46161979375 0.3591503078125 0.488162675 0.359284928125 0.518959134375
2 0 0.94095670625 0.0525820328125 0.9017378968750001 0.07087966875 0.8381997484375001 0.0482254578125 0.8412991234374999 0 0.875494709375 0 0.94095670625
2 0.1347258671875 1 0.178993984375 0.9482292453125 0.23040151875 0.85524655 0.2617689125 0.732819315625 0.23737206406250003 0.7343690031250001 0.1772513140625 0.8320008781249999 0.0997042625 0.90948645625 0.071431665625 1 0.1347258671875 1
2 0.50399445 0.5979945156250001 0.4438737640625 0.590245959375 0.425576096875 0.628988746875 0.42788516562499995 0.6566448828125 0.4865681484375 0.632088065625 0.50399445 0.5979945156250001
2 0.32548865 0.45911401874999996 0.391594796875 0.43062556250000006 0.378525071875 0.4213272578125 0.35935616875 0.4135787015625 0.31230514375 0.4244266921875 0.27135336250000003 0.447672365625 0.32548865 0.45911401874999996
2 0.44962871406250005 1 0.448230340625 0.9699252296875001 0.523163353125 0.9032875859375 0.4926673265625 0.8211528265625001 0.4247048609375 0.8676441734375 0.3619701390625 0.9668257375 0.349313421875 1 0.44962871406250005 1
2 0.8266110328125 1 0.8411933359375 0.9621766718749999 0.8045981328125 0.9280829484374999 0.76974553125 0.8815916015624999 0.7017829328125 0.9172350125 0.6885398546875 1 0.8266110328125 1
2 0.8755431390625 1 0.901314153125 0.9683754234374999 0.9108985390625 0.9218840765625 0.8350941578125 0.8893401578125 0.8342229234375 0.9249835703124999 0.8517770265625 1 0.8755431390625 1
2 0.8194104609374999 0.8536968640625 0.8243993265625 0.865795209375 0.865590184375 0.8273516984375 0.8551344296875 0.78550953125 0.8150538859375001 0.7343690031250001 0.7906571718750001 0.768462728125 0.8194104609374999 0.8536968640625