2 0.5716863140624999 0.401765384375 0.5800706671875 0.3659758515625 0.5482101671875 0.37641443125 0.5059748234375 0.3736547890625 0.5213802015625 0.40325665156249996 0.5716863140624999 0.401765384375
2 0.6035469421874999 0.34509858437499996 0.6035469421874999 0.327203790625 0.5750400671875 0.324221315625 0.5489517625 0.32706732031249997 0.5800706671875 0.354045953125 0.6035469421874999 0.34509858437499996
2 0.6303768421875 0.327203790625 0.647145546875 0.29887041875000003 0.6136081390625 0.29887041875000003 0.5845911765625 0.3009783375 0.6035469421874999 0.331677475 0.6303768421875 0.327203790625
2 0.7930332234375 0.419660178125 0.7804566953125 0.377905696875 0.743565596875 0.377905696875 0.7041591687500001 0.377905696875 0.662159309375 0.379245284375 0.6974516609375 0.43159002031249993 0.75194995 0.4300988109375 0.7930332234375 0.419660178125
2 0.3461472921875 0.9430825984375 0.4556603578125 0.9159329171874999 0.46352822343750005 0.8386963656249999 0.35033946875 0.8103629390625 0.2983564484375 0.8491349453125 0.2916490046875 0.8908894828125 0.3461472921875 0.9430825984375
2 0.4333445046875 0.7507136640625001 0.5227463109375 0.7817610078125 0.5633019625 0.7790470921875 0.53814890625 0.7372925546875 0.4962271453125 0.7089591265624999 0.4400520109375 0.71045045 0.4333445046875 0.7507136640625001
2 0.35788533437500003 0.5479060953125 0.319317328125 0.5553622546875 0.28494149687500003 0.5717658390625 0.3235848875 0.6010016328125001 0.3587238203125 0.586678159375 0.35788533437500003 0.5479060953125
2 0.61193129375 0.8342226281249999 0.6094159625 0.8700122140625 0.6714601171875 0.9058018000000001 0.7460167515625 0.9103424203125 0.80896356875 0.9281702796875001 0.85507750625 0.9117667515625 0.8559158640625 0.8789595828125 0.8240553 0.8476437359375 0.7720723421875 0.8058891984375001 0.7142203640625 0.8342226281249999 0.61193129375 0.8342226281249999
2 0.7553036390625001 0.7447487140625 0.77626451875 0.7820295109375001 0.8282474765625001 0.7730821421875 0.891968603125 0.7730821421875 0.98605868125 0.7444910328125001 0.8156709484375 0.7298363953125 0.7687186546875 0.7179066078125 0.7553036390625001 0.7447487140625
2 0.8684923937500001 0.5881693671875 0.9399370875 0.5935476375000001 0.9942576750000001 0.5553622546875 0.9313750328125 0.5329937765625 0.8785535890625 0.5329937765625 0.8483699984375 0.5464148875 0.8684923937500001 0.5881693671875
2 0.4014840046875 0.34658979375 0.35956224375 0.348081059375 0.35033946875 0.3659758515625 0.3922612296875 0.3644845859375 0.4014840046875 0.34658979375