2 0.518435134375 0.4042157921875 0.5003197546875 0.42877424687500004 0.5320400765625 0.437923003125 0.5534727453125 0.42724941406249994 0.56718970625 0.40895184375 0.518435134375 0.4042157921875
2 0.5387995515624999 0.343241634375 0.5431850921875 0.3723567625 0.585193134375 0.376931140625 0.5954807890625 0.354059190625 0.5697615875 0.33881122656249996 0.5387995515624999 0.343241634375
2 0.5870310625 0.3241872125 0.6091977484375 0.3555839640625 0.6374888984375 0.3494848140625 0.649491140625 0.32661286562499997 0.608340390625 0.31746405 0.5870310625 0.3241872125
2 0.6299035171875 0.3013219015625 0.610054978125 0.312889671875 0.6349169515625 0.3220384859375 0.6572068484375 0.3220384859375 0.662350740625 0.31441450312499997 0.6299035171875 0.3013219015625
2 0.7789445109375001 0.44249738125000004 0.792661340625 0.4226750375 0.7257913890625 0.4059022984375 0.6749195953125 0.40993212031250004 0.6992149578125 0.44554698593750003 0.738650990625 0.45012136406250003 0.7789445109375001 0.44249738125000004
2 0.324532684375 1 0.3451472453125 0.9883746015625 0.46174095 0.9777009546875 0.45488246875 0.9014611265625 0.4137317859375 0.8724900859375 0.3640079671875 0.8541924562500001 0.2885650140625 0.8831636140624999 0.24741426406249997 0.9380562687499999 0.27570541249999997 0.9883746015625 0.2958171875 1 0.324532684375 1
2 0.6752103421875 0.9655026531249999 0.8088960140625 0.9872811734375 0.88267855 0.973126634375 0.8543874 0.9273827375 0.7729432609375 0.8816388406250001 0.7223622140625 0.902986015625 0.67006645 0.8938371437500001 0.6057684437499999 0.9319570578124999 0.6752103421875 0.9655026531249999
2 0.33057299218749997 0.376931140625 0.3640942984375 0.3965940234375 0.3897271703125 0.3830303484375 0.35886414218749996 0.376931140625 0.33057299218749997 0.376931140625
2 0.5320400765625 0.8282709593750001 0.541470503125 0.8191222046875 0.5311827828125 0.8053990109375 0.485745565625 0.781002290625 0.43859369531250003 0.79320059375 0.4488813484375 0.8282709593750001 0.48413717187499994 0.8386566656250001 0.5320400765625 0.8282709593750001
2 0.6416934421875 0.7624389671875 0.68806994375 0.7611798875 0.6854979984375 0.73068395625 0.6537776734375 0.7200104281249999 0.612626925 0.7200104281249999 0.6416934421875 0.7624389671875
2 0.778087153125 0.781002290625 0.7935187 0.820646978125 0.8835359078125 0.8343701703124999 0.9535905484375 0.7776825078125 0.9555496218749999 0.79320059375 0.97441034375 0.6986631953125 0.939260846875 0.6910392109375 0.853530171875 0.7078120078125 0.820952490625 0.7794774 0.778087153125 0.781002290625
2 0.9310825093749999 0.640490653125 0.9752677046875 0.5827787921875001 0.9324023671875 0.5675307125 0.860388653125 0.579729071875 0.886965084375 0.6178489875000001 0.9310825093749999 0.640490653125
2 0.796090646875 0.6117498359375 0.8271168078125 0.6252471140625 0.8398132125 0.5888778875 0.787517578125 0.5888778875 0.796090646875 0.6117498359375