2 0.760621084375 0.4362980078125 0.6943774859375 0.46276959843750004 0.750984196875 0.510572090625 0.8559199515625 0.43058455625000003 0.9308740406249999 0.3734506125 0.8484245765624999 0.34297920312499997 0.754196546875 0.3620238515625 0.760621084375 0.4362980078125
2 0.9105292609375001 0.5315212484375 0.9737049484375 0.5029542765625 0.91481245 0.4553426546875 0.8456492390625 0.48180871875 0.9105292609375001 0.5315212484375
2 0.8966093468749999 0.61341321875 0.8095046609375001 0.66506024375 0.7520549515625 0.708636459375 0.702799425 0.8171909671875 0.7906027531250001 0.809573225 0.9094585859375 0.7295855437500001 0.938369415625 0.641980190625 0.8966093468749999 0.61341321875
2 1 0.8524633109374999 0.975846459375 0.8552802625 0.9726341078124999 0.986688290625 0.905175396875 0.923841040625 0.9126709375000001 0.8038596984374999 0.8527075999999999 0.8648025859375 0.7991689671875 0.9485989937499999 0.80729706875 1 1 1 1 0.8524633109374999
2 0.0549819109375 0.826713290625 0.1524222515625 0.7867194875 0.087105134375 0.7257765984375 0.013221803125 0.765770403125 0.0549819109375 0.826713290625
2 0.301270646875 1 0.3151796671875 0.9752615296875 0.2937642125 0.9162231500000001 0.358010571875 0.8362356140625 0.42439852812499995 0.7619616046875 0.348373684375 0.691496246875 0.36229368125 0.638171246875 0.27663186562500003 0.6838784312499999 0.20381937187500002 0.735298921875 0.1984655078125 0.8305221625 0.1941824015625 0.9143187171875 0.16702994843750002 1 0.301270646875 1
2 0.48114943125 0.6648337828125 0.537900415625 0.6248399796874999 0.498281859375 0.581037303125 0.45341363125 0.5912836546875 0.48114943125 0.6648337828125
2 0.5875667671875 1 0.59036829375 0.9219364578125001 0.6042882890625 0.8190955484375 0.5935805625 0.6686426546875001 0.5089895859375 0.74291695625 0.46947788749999997 0.834032428125 0.4693709484375 0.8819427265625001 0.4485096609375 1 0.5875667671875 1
2 0.402983075 0.5829417390625 0.4490262515625 0.5867506828125 0.48864488906250003 0.5219989234375 0.48222026875 0.5029542765625 0.41904466406249996 0.5391390625 0.402983075 0.5829417390625
2 0.4683001921875 0.46676941562499996 0.4683001921875 0.42106223125 0.39334610468750003 0.42106223125 0.3590814109375 0.49152744375 0.40191231875 0.5029542765625 0.48757413281249995 0.48200511874999996 0.4683001921875 0.46676941562499996
2 1 0.7257765984375 0.970492596875 0.7257765984375 0.9597848687500001 0.7543435703125 0.9781793593750001 0.7888145203125 1 0.7775526765625 1 0.7257765984375