2 0.5203852062500001 0.3686779953125 0.5567428203125 0.3554133421875 0.6052196624999999 0.35043910624999997 0.6219999796875 0.3106450890625 0.5856424375 0.3106450890625 0.5538461328125 0.3055167078125 0.538097896875 0.32556786249999997 0.515723975 0.3454648703125 0.5203852062500001 0.3686779953125
2 0.456992440625 0.4217366625 0.48962105468750006 0.42836901875000005 0.5287754359375 0.42007860468749997 0.538097896875 0.4051558328125 0.5129272078125 0.3968654171875 0.4792540578125 0.3987568 0.456992440625 0.4217366625
2 0.68352828125 0.4316852 0.7348018203125 0.42836901875000005 0.7916688921875 0.42339478281250004 0.7618369015625001 0.41013006875 0.7161568968750001 0.41013006875 0.6587412375 0.4029008046875 0.68352828125 0.4316852
2 0.3078125 0.37578125 0.06640625 0.03828125
2 0.44704627343750003 1 0.4215671296875 0.9340843328125 0.3385972078125 0.9058969703124999 0.25283051875 0.925793915625 0.22299867187500003 0.9556394593749999 0.187573290625 0.9705621062500001 0.187573290625 1 0.44704627343750003 1
2 0.8757734421875 1 0.8466713562500001 0.9572975171874999 0.7599724375 0.9108711453125 0.720818128125 0.9423747468749999 0.6238645859374999 0.9456908625 0.5856424375 0.983826821875 0.622118715625 1 0.8757734421875 1
2 0.8485358218749999 0.335516334375 0.9139859937500001 0.36767676875 0.912860890625 0.305670853125 0.85599381875 0.299038559375 0.8485358218749999 0.335516334375
2 0.4998757484375 0.8859999000000001 0.5129272078125 0.8495221234375 0.4821631296875 0.8246508796875001 0.43275405468750006 0.7964633937500001 0.40012543906250003 0.8362574109375001 0.45361303125 0.883605284375 0.4998757484375 0.8859999000000001
2 0.7823464296875 0.8478640671875001 0.855061515625 0.8743933687500001 0.9594731968750001 0.8412317078125 0.9454895046875 0.70858500625 0.8504002843749999 0.7467209015625 0.8252296671874999 0.7848568625000001 0.7748884312500001 0.8047538078124999 0.7823464296875 0.8478640671875001
2 1 0.59139911875 0.9594731968750001 0.5775964890624999 0.866248584375 0.6008096125 0.9419580203125 0.6515410546875 1 0.595684128125 1 0.59139911875
2 0.7804818234375 0.687029940625 0.8358974140625 0.682621084375 0.8457390546875001 0.6107581484375 0.8289587375 0.59417731875 0.7888721234375 0.602467734375 0.7804818234375 0.687029940625