2 0.601468178125 0.1808324875 0.60741505625 0.2495844015625 0.54609663125 0.27408784375 0.598494665625 0.318336246875 0.6956285062500001 0.2442957421875 0.7650098 0.191409675 0.6886904078125 0.163203796875 0.601468178125 0.1808324875
2 0.7501423796875 0.2672130890625 0.6861214140625 0.29171141562499997 0.7461776437500001 0.337727846875 0.804656253125 0.3112848140625 0.7501423796875 0.2672130890625
2 0.7719478984375 0.439974228125 0.7332926671875 0.4135311953125 0.652664165625 0.4613382921875 0.5994858109375001 0.501674640625 0.5538924046875 0.6021581828125 0.6351676046875 0.5951068140625 0.7451865718749999 0.5210661734375 0.7719478984375 0.439974228125
2 0.8639647640625 1 0.91170170625 0.9758864031250001 0.9582862578125001 0.8542484203124999 0.86412593125 0.7854965078125 0.9166575124999999 0.7378991 0.867099446875 0.6303641921875001 0.8066385453124999 0.637415559375 0.8036650296875001 0.7590534734375 0.7412218359375 0.70087888125 0.7481600875 0.5898180859375 0.692654990625 0.646229903125 0.643096925 0.7237960953125 0.6609378593749999 0.8366197328125 0.692654990625 0.9635462390624999 0.7212301078125 1 0.8639647640625 1
2 0 0.5921905109375001 0.0444354671875 0.5739522390625 0 0.5324925765625 0 0.5921905109375001
2 0 0.9672834234375 0.050382420312499995 0.9423918656250001 0.14256045312500001 0.8419083921875 0.19509195937499998 0.7484762859375 0.1752687328125 0.6938273765625 0.2347384109375 0.6197868703125 0.296190459375 0.551035090625 0.22581802031249998 0.48580879374999997 0.238703071875 0.436448478125 0.15941016562500002 0.478757359375 0.0920112390625 0.5263547640625 0.0870554328125 0.614498209375 0.0830907734375 0.6920645375000001 0.052364787499999996 0.789022325 0.005824017187500001 0.8644774906249999 0 0.9322772859375 0 0.9672834234375
2 0.36458060625 0.3835624109375 0.3230483046875 0.3930469515625 0.3487219640625 0.46112866874999997 0.4012535453125 0.4241083828125 0.36458060625 0.3835624109375
2 0.3142328234375 1 0.4171121109375 0.9758864031250001 0.4438735125 0.8648256078125 0.4498204640625 0.6991159031249999 0.46270551718749997 0.6039211578125 0.452793903125 0.464654353125 0.37449221875 0.5334064015625 0.33791819375 0.6177474890625 0.33781920468750004 0.662095684375 0.3160136859375 0.7854965078125 0.289963359375 1 0.3142328234375 1
2 0.318987125 0.388851003125 0.3556601390625 0.3289135015625 0.3497131859375 0.3112848140625 0.29123465312499996 0.34477928125 0.27636723281250003 0.385325253125 0.318987125 0.388851003125
2 0.33682805937500004 0.2777902765625 0.33682805937500004 0.23548139531249998 0.267446765625 0.23548139531249998 0.235729634375 0.30070755937500004 0.27537608750000003 0.3112848140625 0.35466899218750003 0.2918932140625 0.33682805937500004 0.2777902765625
2 0.80879799375 0.5758915078125 0.8740375453125001 0.5422207453125 0.8413291921875 0.5175404203125 0.8016827375 0.5175404203125 0.791771125 0.543983453125 0.80879799375 0.5758915078125