2 0.7253427953125 0.31562475624999997 0.789922615625 0.266398625 0.7188848421875 0.24014471093749998 0.6376987546875 0.25655342187499997 0.6432340828124999 0.32054741875000003 0.5861591484375 0.343355121875 0.6349310203125 0.38454135156249997 0.7253427953125 0.31562475624999997
2 0.7760840828125 0.33695612812500003 0.716493634375 0.35975906874999997 0.7723937234375 0.40259097187500004 0.8268253703124999 0.37797790625 0.7760840828125 0.33695612812500003
2 0.593415421875 0.6487216296875 0.6690660390625001 0.6421582453125 0.7714712390625 0.573241525 0.79638056875 0.49776147968749995 0.760400440625 0.47314841406249997 0.6853517671875 0.5176470609375 0.635853575 0.5551919671875 0.593415421875 0.6487216296875
2 0.9197048499999999 1 0.9264628343749999 0.99658630625 0.9698235421874999 0.8833661765624999 0.8821795 0.81937218125 0.9310756781249999 0.7750687125 0.8849472359374999 0.674975665625 0.8286704796875 0.68153905 0.8259027437500001 0.794759115625 0.7677808781250001 0.740610446875 0.7742389734375 0.6372355187500001 0.7225750609375 0.6897434046875001 0.67644661875 0.76194169375 0.6930528859375 0.8669574671875001 0.7225750609375 0.9851001328125 0.7342546624999999 1 0.9197048499999999 1
2 0 0.605467275 0.035261231250000004 0.656925984375 0.11921501875 0.62246765625 0.062938334375 0.56995976875 0 0.6040289343749999 0 0.605467275
2 0 0.8711061828125001 0.032493532812499996 0.875161821875 0.078621975 0.7980409328125 0 0.7967060734375 0 0.8711061828125001
2 0.288045146875 0.5404241015625 0.3000385 0.494479725 0.22623299062500002 0.53386065625 0.1634983515625 0.5781641234375 0.15888550625 0.6602076765625 0.15519521875 0.7324060921875 0.12659559843749998 0.8226539984375 0.0832756421875 0.892887353125 0.0749316875 0.9900227953125 0.12475041875 0.9654097296874999 0.21054935000000002 0.8718801296875001 0.25944545625000004 0.7849139140625 0.2409940796875 0.7340469359374999 0.296348209375 0.6651303390625001 0.3535475203125 0.60113646875 0.288045146875 0.5404241015625
2 0.4172047859375 0.44525359375000007 0.3785466921875 0.4540817640625 0.402443628125 0.5174519453124999 0.4513398046875 0.482993615625 0.4172047859375 0.44525359375000007
2 0.4515365625 1 0.4661008921875 0.99658630625 0.49101029374999994 0.8932113781250001 0.4965456921875 0.7389694734375001 0.5085390453125 0.6503626 0.49931335624999995 0.5207336359375 0.4264304734375 0.5847277578125001 0.39238752187500003 0.6632320921875 0.392295384375 0.7045112078125 0.3719988984375 0.81937218125 0.35006259375000004 1 0.4515365625 1
2 0.33509614375 0.44689443906250004 0.37476656249999996 0.45017619375000006 0.40890165156249997 0.394386615625 0.403366253125 0.37797790625 0.3489346765625 0.4091544171875 0.33509614375 0.44689443906250004
2 0.33417359062499996 0.37797790625 0.407979096875 0.35992828593750004 0.3913728296875 0.3468013296875 0.3913728296875 0.3074204 0.3267930109375 0.3074204 0.2972708359375 0.3681326421875 0.33417359062499996 0.37797790625
2 0.8148319468749999 0.594572834375 0.8306804859374999 0.62427271875 0.8914051890625 0.5929321125 0.8609603890624999 0.56995976875 0.824057634375 0.56995976875 0.8148319468749999 0.594572834375