2 0.6049999781250001 0.36510582187499996 0.6553395171874999 0.4076158953125 0.7486573859375001 0.3364841234375 0.8153129859374999 0.2856757234375 0.7419918546875001 0.258577934375 0.6581962140625001 0.2755140671875 0.6639094640625001 0.3415650140625 0.6049999781250001 0.36510582187499996
2 0.7972206640625 0.42624568281249997 0.8534019 0.4008414828125 0.8010296421875 0.358501146875 0.7395237875 0.3820370390625 0.7972206640625 0.42624568281249997
2 0.7073809296875 0.5450000015625001 0.656291725 0.583751709375 0.6124894890625 0.6802876828125 0.690571734375 0.6735133328125 0.7962685281249999 0.6023814296875 0.8219785156249999 0.524475240625 0.784841884375 0.49907104062499996 0.7073809296875 0.5450000015625001
2 1 0.9217468156249999 0.9105352703125 0.8564234296875 0.9610031109375001 0.810695921875 0.9133919671875 0.7073855984375 0.8553063156249999 0.7141599484375 0.8524496171875 0.8310192296875 0.79245955 0.7751300671875 0.7991252265625 0.668432375 0.7458006875 0.7226280140625 0.698189546875 0.7971469625000001 0.7153295859375 0.9055382421875 0.7389342375 1 0.9713059093749999 1 1 0.9250762046875 1 0.9217468156249999
2 0 0.6356430093750001 0.036394628125 0.6887557484375 0.1230469296875 0.6531898296875001 0.0649613515625 0.5989941890625 0 0.6341584359375 0 0.6356430093750001
2 0 0.9098203109374999 0.033537967187500003 0.9140063093749999 0.0811491109375 0.834406534375 0 0.8330287671875001 0 0.9098203109374999
2 0.13532389843749998 1 0.21731700781250002 0.910619134375 0.26778477500000003 0.820857575 0.2487403171875 0.7683555875 0.3058736875 0.6972238140625 0.3649115484375 0.6311729984375 0.297303740625 0.5685091625 0.30968259531250003 0.5210880015625 0.233504765625 0.5617347484375 0.1687536546875 0.6074622546875 0.163992540625 0.6921429234375001 0.1601836359375 0.7666620015625 0.1306647421875 0.859810734375 0.085952359375 0.9323015890624999 0.08013705156249999 1 0.13532389843749998 1
2 0.41537931562499997 0.5447986140625 0.4658471546875 0.5092326968750001 0.43061493906250004 0.47027960156250004 0.3907142640625 0.4793915359375 0.41537931562499997 0.5447986140625
2 0.490560628125 1 0.5067927671875 0.9326360296875 0.5125060890625 0.77343635 0.5248849421874999 0.6819813984375 0.5153627140625 0.5481857890625 0.4401371671875 0.6142368640625 0.40499997812500005 0.6952645515625 0.404904878125 0.7378704968750001 0.3839560046875 0.8564234296875 0.3665193828125 1 0.490560628125 1
2 0.416331596875 0.4008414828125 0.360150434375 0.43302009531249996 0.345867090625 0.47197318906249996 0.38681262968749996 0.475360428125 0.42204492031249996 0.4177776140625 0.416331596875 0.4008414828125
2 0.337297071875 0.3280160546875 0.3068259703125 0.39067976249999997 0.344914884375 0.4008414828125 0.42109271093749995 0.3822116953125 0.40395267187500006 0.36866280156250003 0.40395267187500006 0.3280160546875 0.337297071875 0.3280160546875
2 0.8886341156249999 0.5989941890625 0.8505452015625 0.5989941890625 0.8410229734374999 0.6243983890625 0.8573809296875 0.6550529125 0.9200574984375001 0.6227049296875 0.8886341156249999 0.5989941890625