2 0.56719409375 0.3933609890625 0.6007369234375 0.381123278125 0.6454607203125 0.37653414375 0.660941915625 0.339820953125 0.6273991515625 0.339820953125 0.598064496875 0.33508960781249997 0.5835354796875001 0.35358841406249997 0.5628937328125 0.37194500937499997 0.56719409375 0.3933609890625
2 0.5087091546875 0.4423118890625 0.5388116828125 0.448430771875 0.57493475625 0.44078219687500003 0.5835354796875001 0.42701473593749995 0.5603134890625 0.419366159375 0.5292472921875 0.42111111250000005 0.5087091546875 0.4423118890625
2 0.7177067375 0.45149021562499997 0.7650107109375 0.448430771875 0.8174751703125 0.4438416390625 0.7899527546875 0.43160386875 0.747809265625 0.43160386875 0.6948386906249999 0.424934290625 0.7177067375 0.45149021562499997
2 0.37109375 0.4 0.0609375 0.03515625
2 0.4917705578125 1 0.5044087937499999 0.9884203109374999 0.47602644843749997 0.9149939328125001 0.3994800046875 0.8889888171875 0.32035331718750004 0.9073453546874999 0.2928310328125 0.9348802765625001 0.2601482609375 0.9486476203124999 0.2601482609375 0.9930093875000001 0.2758699625 1 0.4917705578125 1
2 0.8751048546875 1 0.9026222703125001 0.9868905015625 0.86821938125 0.9364099671874999 0.7882326359375 0.8935778953125 0.752109628125 0.9226425078125 0.662662165625 0.9257018921875 0.6273991515625 0.9608853906249999 0.7156165296875 1 0.8751048546875 1
2 0.8699395000000001 0.3627666828125 0.9303225609375 0.392437278125 0.9292845625 0.33523181874999997 0.8768201031249999 0.32911299375 0.8699395000000001 0.3627666828125
2 0.5482724640625001 0.8706321656249999 0.5603134890625 0.8369784765625001 0.5319311453125 0.8140327468749999 0.4863472890625 0.7880275171875 0.456244759375 0.8247407078125001 0.505591378125 0.8684229406249999 0.5482724640625001 0.8706321656249999
2 0.8088744484375001 0.835448784375 0.8759599796875 0.8599242046875 0.9722881765625001 0.8293298984374999 0.9593870921875001 0.70695261875 0.8716596171875001 0.7421360578125 0.84843769375 0.7773195562499999 0.80199384375 0.79567609375 0.8088744484375001 0.835448784375
2 1 0.5955432484375 0.9722881765625001 0.5861051484375001 0.8862809515625001 0.6075211265625 0.9561290124999999 0.654324971875 1 0.6121055546874999 1 0.5955432484375
2 0.8071541984374999 0.6870663328125 0.85827955 0.68299880625 0.86735925625 0.6166994531250001 0.8518780609375 0.6014023 0.814894928125 0.6090508781249999 0.8071541984374999 0.6870663328125