2 0.523880740625 0.419719221875 0.53298048125 0.39058671093749997 0.480318521875 0.38960940625 0.523880740625 0.419719221875
2 0.578479184375 0.351743465625 0.55390984375 0.3242294625 0.521274153125 0.337024396875 0.578479184375 0.351743465625
2 0.63398765625 0.3080447609375 0.5975886953125 0.30318936406249997 0.5645050984375 0.30466439375 0.578479184375 0.33070336718750004 0.6239778874999999 0.337177209375 0.63398765625 0.3080447609375
2 0.6940458625 0.4407593203125 0.7450044640625 0.4407593203125 0.7768535546875001 0.4229561125 0.7522842828125 0.38734981875 0.686766040625 0.38896826562500003 0.6486916734375 0.38758690625000003 0.6940458625 0.4407593203125
2 0.3253518703125 1 0.4274235046875 0.9797099078124999 0.4428930359375 0.9004048484375 0.3364260984375 0.8518507453125 0.2772777859375 0.853469190625 0.2090297328125 0.9554328562500001 0.2606189609375 1 0.3253518703125 1
2 0.836911759375 0.9020232937499999 0.784133375 0.8761277968750001 0.7095153921875 0.9004048484375 0.6494571875 0.8793646890625 0.5948587437499999 0.9036417406249999 0.5839390843750001 0.9360111421875 0.6267078359375 0.96838054375 0.7513742546875 0.99103915 0.85420135 0.9958946093750001 0.86967088125 0.95219584375 0.836911759375 0.9020232937499999
2 0.767753815625 0.8162443312500001 0.8460115 0.8340476000000001 0.896970103125 0.8291921406249999 0.97519906875 0.8021994703124999 0.947018675 0.690003678125 0.8332719203125001 0.691622184375 0.8005127968749999 0.7741641328125 0.7477344125000001 0.7838749296875 0.767753815625 0.8162443312500001
2 0.8432816890625 0.584803121875 0.8714908015624999 0.6236465515625 0.9444823453125 0.6586019484375 0.9588483671875 0.558907625 0.891510203125 0.5459598765625 0.8432816890625 0.584803121875
2 0.65946681875 0.722373078125 0.614878146875 0.7272285375 0.6203380453125 0.761216446875 0.666894178125 0.7577044640625 0.65946681875 0.722373078125
2 0.271875 0.603125 0.09375 0.06796875
2 0.33671875 0.3625 0.0546875 0.03046875