2 0.6101799421874999 0.377246646875 0.625525175 0.3567770625 0.570983190625 0.35147881875000003 0.5507174234375001 0.3789524859375 0.5862031078125 0.3891872453125 0.6101799421874999 0.377246646875
2 0.6571745515625 0.29536837656250003 0.62840235 0.27831040156250003 0.5937649656249999 0.283266721875 0.5986710921875 0.3158379609375 0.6456657015625 0.320955340625 0.6571745515625 0.29536837656250003
2 0.717596203125 0.2646640328125 0.671560653125 0.25442920625 0.6477218 0.26195044218749997 0.672519784375 0.297074146875 0.7041692359375 0.290250996875 0.717596203125 0.2646640328125
2 0.72622780625 0.2595466515625 0.7319823046875 0.25101766406250003 0.69568343125 0.2363709046875 0.6734787703125 0.2493118265625 0.7012919859375 0.2595466515625 0.72622780625 0.2595466515625
2 0.8029536765625 0.353365521875 0.7460431437499999 0.357873703125 0.7732224890625 0.39771623125 0.8173397765624999 0.40283361093750003 0.8624163421875 0.3943046234375 0.8777614281250001 0.37212926875 0.8029536765625 0.353365521875
2 0.43152664375 1 0.5075591203125 0.9930395578125 0.49988650312500005 0.907749678125 0.4538510265625 0.875339628125 0.398224740625 0.8548699781250001 0.3138263296875 0.8872801578124999 0.2677907765625 0.9486888468749999 0.2966401328125 1 0.43152664375 1
2 0.9155071156249999 1 0.9784641328125 0.9879222421874999 0.94681468125 0.9367483140624999 0.8557027125 0.8855743859375 0.799117440625 0.9094555796874999 0.74061390625 0.8992206890625001 0.668683403125 0.9418656296875 0.7463684046875 0.9793932546875 0.8728612234375 1 0.9155071156249999 1
2 0.360820865625 0.320955340625 0.3983213203125 0.34295230781249997 0.42699694218750006 0.32777855625 0.39247031718750003 0.320955340625 0.360820865625 0.320955340625
2 0.5967529734375 0.8156367109374999 0.5852440484375 0.8002845046875 0.5344132046875 0.772991771875 0.48166416874999995 0.7866380734375 0.49317302031250004 0.82587146875 0.5326138859375 0.8374900109375 0.5862031078125 0.82587146875 0.5967529734375 0.8156367109374999
2 0.7223915703125 0.7047598671874999 0.6763560203125001 0.7047598671874999 0.7088728796875 0.7522248890625 0.7607545046874999 0.7508163484375 0.7578772578125 0.716700396875 0.7223915703125 0.7047598671874999
2 1 0.6805203578125 0.9458556953125001 0.6911134328124999 0.9094108796875 0.7712858687499999 0.8614572109375 0.772991771875 0.878720559375 0.8173424812500001 0.9794232640624999 0.8326946875000001 1 0.8160441546874999 1 0.6805203578125
2 1 0.539954596875 0.9535283124999999 0.5478264078125 0.9832595 0.5904713484374999 1 0.5990628015625 1 0.539954596875
2 0.8815978093749999 0.5836481984375 0.91630693125 0.5987476703125 0.9305104640625 0.558061234375 0.872007075 0.558061234375 0.8815978093749999 0.5836481984375