2 0.603304490625 0.3462847546875 0.56448595 0.3590030234375 0.513026796875 0.3556407015625 0.5317965671875 0.39170733750000003 0.5930890734375 0.389890390625 0.603304490625 0.3462847546875
2 0.63190776875 0.29904523125 0.5971752546875 0.29541141249999997 0.565389503125 0.2988789578125 0.603304490625 0.33174947499999996 0.63190776875 0.320848084375 0.63190776875 0.29904523125
2 0.6850279078125 0.2645241109375 0.6441662375 0.2645241109375 0.6088122375 0.26709238125 0.63190776875 0.3044959265625 0.6645970734375 0.29904523125 0.6850279078125 0.2645241109375
2 0.812720628125 0.42441157812499997 0.8627761109375 0.41169324375 0.847452984375 0.3608199671875 0.8025052109375 0.3608199671875 0.7544927796875001 0.3608199671875 0.7033205390624999 0.362452109375 0.7463204140624999 0.4262284546875 0.812720628125 0.42441157812499997
2 0.453389375 1 0.4613102484375 0.9222430828125001 0.3234021109375 0.8877218953125 0.2600664765625 0.93496135 0.2518941890625 0.9858346953125 0.26668512187500004 1 0.453389375 1
2 0.424534684375 0.815045765625 0.5334610234375 0.8528735656249999 0.5828736546875 0.84956695625 0.5522274015625 0.7986936109375 0.5011503140625 0.764172421875 0.43270704843749996 0.7659894375 0.424534684375 0.815045765625
2 0.2856050203125 0.5770314062499999 0.24372182343749998 0.5970173828124999 0.290804575 0.6326380031250001 0.333617528125 0.615186415625 0.332595925 0.567946890625 0.2856050203125 0.5770314062499999
2 0.9386583249999999 1 0.9393917437500001 0.971299415625 0.900573125 0.933144475 0.8372375671875 0.8822711296874999 0.7667512484375 0.9167923203124999 0.6421231859375001 0.9167923203124999 0.639058528125 0.9603980234374999 0.7077117734375 1 0.9386583249999999 1
2 1 0.7990391625 0.89035770625 0.78960909375 0.8331514640625001 0.7750739515625 0.81680673125 0.8077781265624999 0.8423452765624999 0.85320070625 0.9056808328124999 0.8422993140624999 0.98331806875 0.8422993140624999 1 0.837230184375 1 0.7990391625
2 1 0.5497778578125 0.9669733390624999 0.5497778578125 0.9301979296875 0.566130015625 0.9547148703125 0.617003290625 1 0.6204123 1 0.5497778578125
2 0.3234021109375 0.3462847546875 0.3744792 0.3444678109375 0.38571614374999996 0.322664959375 0.33463905625 0.3244819046875 0.3234021109375 0.3462847546875