2 0.6581156921875 0.381148121875 0.67405978125 0.34333719375 0.6395140765625 0.34333719375 0.60930230625 0.3384643796875 0.5943388656249999 0.3575163078125 0.5730799234374999 0.3764217703125 0.5775088671875 0.3984780953125 0.6120546390625 0.385874471875 0.6581156921875 0.381148121875
2 0.5172752093749999 0.4488926421875 0.5482778125000001 0.4551944828125 0.585480978125 0.44731721249999995 0.5943388656249999 0.4331381 0.5704225296875001 0.425260828125 0.5384274437500001 0.42705795625 0.5172752093749999 0.4488926421875
2 0.7325218890625 0.45834540468749996 0.7812402671875 0.4551944828125 0.8352734312500001 0.4504681328125 0.8069280859375001 0.43786445 0.7635244937500001 0.43786445 0.7089700796875 0.4309954484375 0.7325218890625 0.45834540468749996
2 0.37578125 0.40546875 0.06328125 0.03671875
2 0.50846679375 1 0.4836152796875 0.9357080359375001 0.404780071875 0.9089253609375 0.3232874703125 0.9278307640625 0.294942259375 0.9561889890625 0.26128226250000003 0.9703679812500001 0.26128226250000003 1 0.50846679375 1
2 0.9163187984375 1 0.8875349109374999 0.9577644187500001 0.8051565343749999 0.9136516531250001 0.7679534375 0.9435853078124999 0.6758314671875 0.9467361671875001 0.6395140765625 0.9829716640624999 0.6779190374999999 1 0.9163187984375 1
2 0.9504259625 0.33861084375 0.896392796875 0.3323090625 0.8893064624999999 0.36696900781249997 0.951494996875 0.3975267640625 0.9504259625 0.33861084375
2 0.558021475 0.8900198390625 0.5704225296875001 0.8553598921875001 0.5411915453125 0.831728078125 0.494244715625 0.804945284375 0.46324211093749995 0.8427562109375 0.5140642093750001 0.88774455625 0.558021475 0.8900198390625
2 0.8955069546875001 0.8789917062500001 0.994715396875 0.8474826203125 0.9814285671875 0.7214462187499999 0.8910780109375 0.7576816546875 0.86716174375 0.7939171515625 0.8193292078125 0.8128225546875001 0.8264155453124999 0.8537844625 0.8955069546875001 0.8789917062500001
2 1 0.5987852015625 0.994715396875 0.59698536875 0.906136528125 0.619041690625 0.9780730703125 0.6672449890625 1 0.646143521875 1 0.5987852015625
2 0.8326160375 0.6206171828125 0.824643859375 0.7009653250000001 0.877297875 0.6967761796875 0.88664906875 0.628494453125 0.8707049796874999 0.6127399109375 0.8326160375 0.6206171828125