2 0.647888403125 0.29900457812500003 0.5851710796875 0.324067034375 0.63876450625 0.36932490625000003 0.7381143265625 0.2935952640625 0.8090784640625 0.23950267187500002 0.7310179453125001 0.21065331406249999 0.64180585625 0.22868417812500003 0.647888403125 0.29900457812500003
2 0.7898166765625 0.3891589015625 0.8496294000000001 0.3621126046875 0.7938718625 0.317035440625 0.72839034375 0.34209266562499996 0.7898166765625 0.3891589015625
2 0.776637746875 0.466691603125 0.6941698125 0.51558935625 0.6397782624999999 0.5568459265625 0.593144703125 0.6596218671875 0.6762740890625001 0.6524096312500001 0.788802996875 0.57667985 0.8161748453125 0.4937379 0.776637746875 0.466691603125
2 1 0.9125242265625 0.9104558 0.8471428156249999 0.964185821875 0.7984595359375 0.9134971515625001 0.688471359375 0.8516569140625 0.6956835953125 0.8486155625 0.82009651875 0.784747809375 0.7605947484375 0.7918443484375 0.647000246875 0.735072975 0.7046990265625 0.6843843078125 0.7840347890625 0.7026322578124999 0.89943235 0.7277626859375 1 0.9751545796875 1 1 0.9351255578125001 1 0.9125242265625
2 0 0.6603511609375 0.07206517343749999 0.6307724421875001 0.0102250140625 0.5730736609375 0 0.5786085671875 0 0.6603511609375
2 0.08513570937500001 1 0.172428753125 0.9048416640625 0.22615869531250002 0.8092780265625 0.20588322812499998 0.7533823749999999 0.2667096296875 0.6776527296875 0.32956362499999997 0.6073324703125 0.25758573125 0.5406181203125 0.2707647390625 0.49013171250000004 0.18966286875 0.533405815625 0.120726325 0.58208909375 0.1156574578125 0.672243415625 0.11160235 0.7515793171875 0.0801753921875 0.8507490703125 0.032572853125 0.9279256468750001 0.026381651562500004 1 0.08513570937500001 1
2 0.38329356875 0.51537495 0.4370235875 0.47751009531250005 0.399514003125 0.43603912031250003 0.3570341984375 0.44574003749999996 0.38329356875 0.51537495
2 0.463334509375 1 0.48061587499999997 0.9282817046874999 0.48669849843749996 0.7587915515625 0.49987750625 0.6614250625 0.48973977187499995 0.5189810687499999 0.40965173750000006 0.5893016046875 0.3722433234375 0.6755668234375001 0.3721420765625 0.7209267640625 0.34983909375 0.8471428156249999 0.33127538749999996 1 0.463334509375 1
2 0.3092881578125 0.43784217812500004 0.3528803671875 0.441448365625 0.390390028125 0.38014346718750003 0.384307403125 0.3621126046875 0.32449475781250003 0.396371203125 0.3092881578125 0.43784217812500004
2 0.37112831874999996 0.32785393281249997 0.37112831874999996 0.28457983124999997 0.3001641828125 0.28457983124999997 0.267723465625 0.35129404375 0.30827440156249997 0.3621126046875 0.3893762703125 0.3422786109375 0.37112831874999996 0.32785393281249997
2 0.8364503140625 0.6001199578125 0.8538656296875 0.632755953125 0.9205935343749999 0.5983170359375001 0.8871389828125 0.5730736609375 0.8465880468750001 0.5730736609375 0.8364503140625 0.6001199578125