2 0.571502840625 0.345243296875 0.515393915625 0.34420202187500004 0.5618074796875 0.37628266250000003 0.571502840625 0.345243296875
2 0.5938021234375 0.2745426640625 0.5590302796875 0.28817508593749996 0.619979640625 0.303857584375 0.5938021234375 0.2745426640625
2 0.6791213953125 0.25729860000000004 0.6403399546874999 0.2521253953125 0.6050908875000001 0.2536969734375 0.619979640625 0.28144031406250003 0.668456440625 0.28833790000000004 0.6791213953125 0.25729860000000004
2 0.7353543640625 0.343518915625 0.69478785625 0.34204714062499997 0.74311068125 0.39869993125000003 0.79740475625 0.39869993125000003 0.8313385140625 0.379731421875 0.8051610734375 0.341794534375 0.7353543640625 0.343518915625
2 0.322844278125 1 0.4590366796875 0.972927284375 0.47551876249999997 0.8884313468749999 0.3620830796875 0.8366991578125 0.2990632421875 0.8384235375 0.22634804218750001 0.9470611890624999 0.2876279953125 1 0.322844278125 1
2 0.8953278015624999 0.8901557265625 0.8390948328125001 0.8625652531249999 0.7595927640625 0.8884313468749999 0.6956034765625 0.8660140140625 0.637431315625 0.891880109375 0.6257969140624999 0.926368234375 0.6713650765625 0.9608563625000001 0.804191478125 0.9849980765625 0.9137490749999999 0.990171346875 0.93023115625 0.9436122984375 0.8953278015624999 0.8901557265625
2 1 0.66443834375 0.89144971875 0.665982909375 0.8565463624999999 0.753927603125 0.8003133921875 0.7642740156250001 0.8216431562500001 0.7987621421875 0.9050231625 0.817730715625 0.9593172359375 0.8125574437499999 1 0.7985199781250001 1 0.66443834375
2 1 0.5197273453125 0.9534999624999999 0.5107863421875 0.9021146734375 0.552172053125 0.9321702000000001 0.5935579625 1 0.6260414187500001 1 0.5197273453125
2 0.6645783546875 0.7401324328125 0.7141817968749999 0.7363905749999999 0.706268284375 0.6987465890625 0.6587610796875001 0.703919859375 0.6645783546875 0.7401324328125
2 0.29375 0.571875 0.1 0.07265625
2 0.3625 0.315625 0.0578125 0.0328125