2 0.543239540625 0.42985005000000004 0.597284621875 0.4282479453125 0.6062921343750001 0.38979838125 0.572063625 0.4010128 0.52668916875 0.39804805 0.543239540625 0.42985005000000004
2 0.6062921343750001 0.3769818 0.63151326875 0.367369425 0.63151326875 0.3481446125 0.600887640625 0.3449404671875 0.5728603390625 0.347998 0.6062921343750001 0.3769818
2 0.63151326875 0.3529508 0.6603372843749999 0.3481446125 0.6783523109375 0.31770538125000003 0.6423222562500001 0.31770538125000003 0.611148628125 0.319969971875 0.63151326875 0.3529508
2 0.6944819609375 0.40405405625 0.7323973921875 0.460289278125 0.7909462296875 0.45868723593749994 0.835082990625 0.4474727578125 0.8215717203124999 0.40261490312500003 0.7819387156250001 0.40261490312500003 0.73960343125 0.40261490312500003 0.6944819609375 0.40405405625
2 0.394505334375 1 0.472635115625 0.9806306328125001 0.481087753125 0.897653528125 0.3594863203125 0.8672142375 0.30363969687500003 0.9088679468749999 0.296433728125 0.9537258625 0.34475161875000004 1 0.394505334375 1
2 0.5162169999999999 0.7582736546875 0.45586668750000003 0.7598758203125 0.44866065 0.8031315703124999 0.5447071859375 0.8364864875 0.5882771078125 0.8335708625 0.5612545671875 0.788712946875 0.5162169999999999 0.7582736546875
2 0.368493834375 0.6269042375 0.367593028125 0.5852504671875 0.32615848125 0.5932608 0.28922768906249996 0.6108835703125 0.33074322343749996 0.64229229375 0.368493834375 0.6269042375
2 0.8521973484375 0.9937775296875 0.901738671875 0.9761548203125001 0.902639340625 0.9409092828125001 0.8684107624999999 0.9072659046875 0.81256420625 0.862407990625 0.7504124187500001 0.8928472828125 0.6405207828124999 0.8928472828125 0.6378185000000001 0.9312969046875 0.7044740453125 0.9697465281250001 0.78457205 0.9746246265625 0.8521973484375 0.9937775296875
2 1 0.7927950015625 0.8594032484374999 0.7807026125000001 0.8089612562499999 0.767886153125 0.7945491796875 0.7967232796875 0.8170679625 0.8367749468750001 0.87291451875 0.8271625703125001 0.9413716750000001 0.8271625703125001 1 0.809347209375 1 0.7927950015625
2 1 0.575025525 0.9837069609375 0.5692298 0.9269596 0.5692298 0.8945326328125001 0.583648425 0.9161506109375 0.6285062796875 0.992905384375 0.6342842859375 1 0.6292970296875 1 0.575025525
2 0.41443214062499995 0.3689714671875 0.369394571875 0.3705735703125 0.3594863203125 0.38979838125 0.4045238890625 0.388196278125 0.41443214062499995 0.3689714671875