2 0.5432122984375 0.47803139687499996 0.5784445140625001 0.48819305 0.6022500859375 0.4763377421875 0.617485709375 0.45601437031250003 0.5633333109375 0.45075397031250003 0.5432122984375 0.47803139687499996
2 0.590823440625 0.41536768906250005 0.637482375 0.42044851562499996 0.6489090203125001 0.395044315625 0.620342334375 0.378108184375 0.585952359375 0.3830291015625 0.590823440625 0.41536768906250005
2 0.6641446421875 0.396737903125 0.6955680265625 0.3899634890625 0.7088990875000001 0.3645592890625 0.6631923625 0.3543975703125 0.6395237875 0.36186508281249996 0.6641446421875 0.396737903125
2 0.665096778125 0.3493167421875 0.6927113281249999 0.3594784609375 0.7174690359375 0.3594784609375 0.7231824296875 0.3510103953125 0.6871428359375 0.3364682546875 0.665096778125 0.3493167421875
2 0.852684796875 0.49327387656250005 0.867920275 0.471256915625 0.7936468640625 0.45262719687499997 0.7371428359375 0.45710317656250005 0.7641280421875 0.496661115625 0.8079302078125 0.5017419421875 0.852684796875 0.49327387656250005
2 0.4884101328125 1 0.4470378046875 0.970872915625 0.39180885 0.950549478125 0.308013284375 0.9827281578125 0.2950652984375 1 0.4884101328125 1
2 0.4203755359375 0.42722299531249996 0.386095528125 0.42044851562499996 0.3546721453125 0.42044851562499996 0.3919047390625 0.4422883625 0.4203755359375 0.42722299531249996
2 0.5252380734375001 0.933293653125 0.5784445140625001 0.9217581015625 0.5889190234375 0.9115964484375001 0.5774923046875 0.8963539015625 0.5270245390625 0.8692561156249999 0.47465228281250005 0.8828049453125001 0.48607892656249996 0.9217581015625 0.5252380734375001 0.933293653125
2 0.751749115625 0.8472390890625 0.7488924203125 0.8133668234375 0.7136602015625 0.8015115828124999 0.6679534765625 0.8015115828124999 0.7002380734375 0.8486375671875 0.751749115625 0.8472390890625
2 1 0.7753490140625 0.9355281546875001 0.7879626234375 0.8993436593749999 0.8675623984374999 0.851732515625 0.8692561156249999 0.8688725546875 0.9132900359375 0.9688559546875 0.9285325828125 1 0.903331065625 1 0.7753490140625
2 1 0.6360686046875 0.9431459671875 0.6456990765625 0.9726647890625 0.6880394109375 1 0.7020682140625001 1 0.6360686046875
2 0.9202925328125 0.655860796875 0.862207025 0.655860796875 0.8717292531249999 0.681264996875 0.906190453125 0.6962566156250001 0.9202925328125 0.655860796875