2 0.52276944375 0.3973326296875 0.47799997968749997 0.39440740937499996 0.49432967968749997 0.42578538281249995 0.5476541593750001 0.424204640625 0.5565415734375 0.3862677359375 0.52276944375 0.3973326296875
2 0.5512091390625 0.342007928125 0.523555534375 0.34502469375 0.5565415734375 0.37362204375 0.581426425 0.3641378328125 0.581426425 0.3451693515625 0.5512091390625 0.342007928125
2 0.59209129375 0.31513597656250003 0.5613333140625001 0.317370371875 0.581426425 0.34991145625 0.6098661203125 0.3451693515625 0.6276409468749999 0.31513597656250003 0.59209129375 0.31513597656250003
2 0.7298462 0.398913371875 0.688075384375 0.398913371875 0.643555534375 0.40033333437499996 0.6809654265625 0.4558187546875 0.7387336140625 0.45423807343749995 0.7822818828125 0.443173121875 0.7689507640625 0.398913371875 0.7298462 0.398913371875
2 0.4330065828125 0.88735148125 0.313026503125 0.8573180484374999 0.2579245015625 0.898416375 0.2508146109375 0.942676184375 0.308582796875 0.9980008890625 0.424666646875 0.969222225 0.4330065828125 0.88735148125
2 0.538766746875 0.8241232515625001 0.51210450625 0.7798634421874999 0.467667440625 0.7498300062500001 0.40812179843749996 0.751410809375 0.4010118421875 0.7940898171875 0.49577775625 0.8270000015625 0.538766746875 0.8241232515625001
2 0.243704653125 0.6044051234375 0.284666646875 0.6353950640625 0.3219139171875 0.62021218125 0.321025121875 0.5791137953125001 0.280143034375 0.5870173234375 0.243704653125 0.6044051234375
2 0.6534143921875 0.9584832421874999 0.7324444234375 0.9632962984375 0.79916805 0.9821938296875 0.8480488234375001 0.964806090625 0.8489374828124999 0.9300304921875 0.815165284375 0.8968356937499999 0.76006335 0.8525758828125 0.698740253125 0.8826093187499999 0.5903138390625 0.8826093187499999 0.5876475859375 0.9205462796875 0.6534143921875 0.9584832421874999
2 0.8196089921875 0.8178004031249999 0.8871533859375 0.8178004031249999 0.98688886875 0.787493828125 0.806277871875 0.7719599109375 0.756508440625 0.7593143390625 0.7422885234375001 0.7877669703125 0.76450705625 0.8272846156250001 0.8196089921875 0.8178004031249999
2 0.9955798015624999 0.5870173234375 0.9289242015625 0.5633067359374999 0.8729334718749999 0.5633067359374999 0.840938865625 0.5775331140625 0.862268603125 0.6217928640625 0.9379999796874999 0.627493828125 0.9955798015624999 0.5870173234375
2 0.313026503125 0.3862677359375 0.3574635703125 0.3846869953125 0.36723971093749996 0.365718515625 0.3228026453125 0.36729925625000004 0.313026503125 0.3862677359375