2 0.6260772171875 0.3272455734375 0.5945068421874999 0.3492440015625 0.6280743578125 0.37875174375 0.670014928125 0.3503345203125 0.7019697953125 0.30060446406249997 0.7628834359375001 0.2863958875 0.798832584375 0.2526504546875 0.7658792234375 0.21535293125 0.705964078125 0.2242333015625 0.665022 0.2348897171875 0.6470475015625 0.2615308265625 0.6560347906249999 0.30415662656250003 0.6260772171875 0.3272455734375
2 0.7648805765625 0.321917365625 0.733083621875 0.3381467640625 0.7568920125 0.392960321875 0.8208014406249999 0.38585599843749996 0.8357802265625001 0.3503345203125 0.7978339359375 0.31836520468749996 0.7648805765625 0.321917365625
2 0.40439113281249994 0.369871375 0.3573033484375 0.4002913046875 0.3574576328125 0.43558612343750003 0.3824222765625 0.42848179999999997 0.40439113281249994 0.369871375
2 0 0.8787183109375001 0.0059554375 0.874276390625 0.0269257625 0.8014573890625 0.0009625093750000001 0.8050094828125 0 0.805691978125 0 0.8787183109375001
2 0.0888889 1 0.15083205625 0.9275586109375 0.20974855625000002 0.8209941734375 0.24569770468750002 0.680684309375 0.217737271875 0.68246035625 0.1488348390625 0.794353065625 0.059960690625 0.8831567625 0.0250101890625 0.9950493375 0.0397626265625 1 0.0888889 1
2 0.45440214218749997 0.51728563125 0.43343178125000004 0.561687478125 0.43607812968750004 0.5933832734375 0.5033327843750001 0.56523950625 0.5233045 0.526166 0.45440214218749997 0.51728563125
2 0.3187248203125 0.36699958593750004 0.394486921875 0.33434989531250003 0.37950813437500003 0.3236934125 0.3575392796875 0.31481304374999997 0.30361563281250004 0.3272455734375 0.25668213125 0.35388668125 0.3187248203125 0.36699958593750004
2 0.461607209375 1 0.45939507187500006 0.952423671875 0.54527335625 0.8760524406249999 0.5103228546875 0.78192046875 0.43243328593749997 0.8352026859375 0.36053506562500004 0.9488714437500001 0.341561921875 0.9986015671875 0.3508194140625 1 0.461607209375 1
2 0.8879909937500001 1 0.9097571578125001 0.9435433015625 0.8678165859375 0.9044695953125 0.8278731546874999 0.8511873781249999 0.7499834359374999 0.8920371312500001 0.7327084890625 1 0.8879909937500001 1
2 0.938442075 1 0.9786596671875 0.9506474890625001 0.98964401875 0.8973652718749999 0.9027670875 0.860067746875 0.90176859375 0.9009175 0.9249542390625001 1 0.938442075 1
2 0.8847925125 0.8192181296875001 0.8905100906250001 0.8330836484375 0.937717590625 0.7890247921875 0.9257345906250001 0.7410708484375 0.8797995843749999 0.68246035625 0.8518393046874999 0.7215340640625 0.8847925125 0.8192181296875001