2 0.6359242593750001 0.3847241328125 0.6516078234375 0.34753103125 0.6176265921875 0.34753103125 0.5879084765625 0.3427378375 0.5731895375 0.361478459375 0.5522779640625 0.380075009375 0.5566345390625 0.4017709359375 0.5906158375 0.3893732546875 0.6359242593750001 0.3847241328125
2 0.5644763875 0.4498120296875 0.5731895375 0.4358646015625 0.5496639921875001 0.42811604374999995 0.5181917015625 0.42988380781249996 0.4973850921875 0.45136171718749996 0.527881115625 0.4575605859375 0.5644763875 0.4498120296875
2 0.8101872640625001 0.4529114640625 0.782305078125 0.4405137234375 0.73961069375 0.4405137234375 0.6859476921875001 0.43375696093749994 0.7091146687500001 0.46066002343749995 0.7570369953125 0.4575605859375 0.8101872640625001 0.4529114640625
2 0.3578125 0.40859375 0.06171875 0.0359375
2 0.4912470203125 1 0.46427515937499997 0.9302226109375 0.386728109375 0.9038775609374999 0.3065670859375 0.9224740515625 0.2786850328125 0.9503689062499999 0.24557503593750002 0.9643162171874999 0.24557503593750002 1 0.4912470203125 1
2 0.8943626625000001 1 0.861594796875 0.9519185953125 0.7805624734375 0.9085266265625 0.7439672703125 0.9379711687500001 0.6533505609375 0.9410705437500001 0.6176265921875 0.9767139578125 0.6701449125 1 0.8943626625000001 1
2 0.9234582171874999 0.3428819078125 0.8703079484374999 0.3366830984375 0.8633374015624999 0.3707767046875 0.9245097843750001 0.40083515 0.9234582171874999 0.3428819078125
2 0.5209106375 0.8279416718749999 0.4747309140625 0.8015965046875 0.44423488750000006 0.83878960625 0.49422655937500004 0.8830428484375 0.53746556875 0.8852809531249999 0.5496639921875001 0.8511873453125001 0.5209106375 0.8279416718749999
2 0.9670239687500001 0.8434387859375001 0.9539542437499999 0.7194618046875 0.8650800046875 0.75510515625 0.8415545265625 0.7907485703125 0.7945035671875 0.8093450624999999 0.8014741140625 0.84963765625 0.8694365796874999 0.8744330187499999 0.9670239687500001 0.8434387859375001
2 1 0.6082656125 0.9670239687500001 0.5970346281250001 0.8798924671874999 0.6187305515625 0.9506535749999999 0.6661462140625 1 0.6186574890625 1 0.6082656125
2 0.8607234296874999 0.6280288578125 0.845039865625 0.6125317421875 0.8075732921875 0.6202803 0.799731378125 0.699315565625 0.8515250343749999 0.69519486875 0.8607234296874999 0.6280288578125