2 0.6036763734374999 0.354257165625 0.5686188 0.3657432140625 0.5221453078125 0.3627066546875 0.539096553125 0.39527894531249996 0.594450684375 0.393638034375 0.6036763734374999 0.354257165625
2 0.6295084 0.3115944828125 0.5981409734375001 0.308312728125 0.5694348109375 0.31144431875 0.6036763734374999 0.3411301484375 0.6295084 0.3312849484375 0.6295084 0.3115944828125
2 0.6774819515625 0.28041796875 0.640579196875 0.28041796875 0.6086504984375 0.282737409375 0.6295084 0.3165170828125 0.659030575 0.3115944828125 0.6774819515625 0.28041796875
2 0.7402166625000001 0.36738412343750004 0.6940022859375 0.3688581328125 0.7328360828125 0.4264554546875 0.792803059375 0.424814609375 0.8380088750000001 0.4133285 0.8241703421875 0.36738412343750004 0.7835773703125 0.36738412343750004 0.7402166625000001 0.36738412343750004
2 0.475439359375 0.874413303125 0.35089256406249997 0.8432367281250001 0.2936932546875 0.8858993515625 0.2863127453125 0.9318437906250001 0.3462797203125 0.989274278125 0.46678198593750003 0.9594002328125001 0.475439359375 0.874413303125
2 0.585224996875 0.8087784625 0.55754793125 0.762834021875 0.5114194875 0.731657446875 0.449607403125 0.73329841875 0.442226825 0.7776018859375 0.540599746875 0.8117647078125 0.585224996875 0.8087784625
2 0.316757475 0.562647740625 0.278932165625 0.580697359375 0.3214532671875 0.6128668484375 0.360118253125 0.5971060703125 0.359195628125 0.5544433859375 0.316757475 0.562647740625
2 0.9072015390624999 0.9187167734375 0.87214389375 0.8842585046875 0.8149446546875 0.8383140656249999 0.7512874609375 0.8694906421875 0.6387340874999999 0.8694906421875 0.6359663531249999 0.9088715703125001 0.7042363921875 0.9482525 0.7862744875 0.953248753125 0.85553776875 0.9728655671875 0.9062790546875 0.9548160109375001 0.9072015390624999 0.9187167734375
2 1 0.766419740625 0.86291820625 0.754629665625 0.8112544359375 0.7415027734375 0.7964932765625 0.7710383765625 0.8195574984375 0.8120601546874999 0.8767567390625001 0.8022149515624999 0.946872028125 0.8022149515624999 1 0.7860709796875 1 0.766419740625
2 1 0.541509065625 0.9902327359375 0.538034675 0.9321108703125001 0.538034675 0.898898475 0.5528025390625 0.9210400734374999 0.5987469171875001 0.9996539578125001 0.6046648734375 1 0.60442161875 1 0.541509065625
2 0.4071692515625 0.33292579375 0.3610408078125 0.33456670312500003 0.35089256406249997 0.354257165625 0.39702100625000003 0.3526162578125 0.4071692515625 0.33292579375