2 0.4653429390625 0.38563979375 0.483028534375 0.41962315937500005 0.540780678125 0.4179111625 0.5504060359375 0.3768242640625 0.513829721875 0.388807903125 0.4653429390625 0.38563979375
2 0.514681084375 0.3321567078125 0.5504060359375 0.36312856718750003 0.5773571390625001 0.352856859375 0.5773571390625001 0.33231337656250004 0.5446308359375001 0.328889453125 0.514681084375 0.3321567078125
2 0.555595646875 0.302206178125 0.5773571390625001 0.33744923125000004 0.6081582531249999 0.33231337656250004 0.6274089671875 0.29978625625 0.5889075375 0.29978625625 0.555595646875 0.302206178125
2 0.6851611125 0.45215027656249995 0.747725934375 0.45043834687500006 0.7948901265625 0.43845464375 0.780452090625 0.390519896875 0.738100578125 0.390519896875 0.692861428125 0.390519896875 0.644644984375 0.3920577640625 0.6851611125 0.45215027656249995
2 0.40841477656249997 1 0.416613628125 0.919514240625 0.286671303125 0.88698705625 0.22699404531249998 0.9314978796875 0.21929380312500002 0.9794326906249999 0.24076949062500003 1 0.40841477656249997 1
2 0.4541524625 0.7705740140625 0.389662596875 0.7722860765624999 0.3819622828125 0.8185088265625 0.48459684843749995 0.8541516265625001 0.531155321875 0.8510360125 0.5022792484374999 0.8031012000000001 0.4541524625 0.7705740140625
2 0.2559566578125 0.646637253125 0.2962966609375 0.6301936984375 0.2953340671875 0.5856828109375 0.2510574390625 0.5942425890624999 0.2115934875 0.613074140625 0.2559566578125 0.646637253125
2 0.8662047453125 1 0.8670803062499999 0.9657369953125 0.8305039187500001 0.92978595 0.7708267328125 0.8818511375 0.7044118265625 0.9143783234375 0.5869824968749999 0.9143783234375 0.584094859375 0.9554652859375 0.6553224453125 0.9965522468750001 0.7119342890625 1 0.8662047453125 1
2 1 0.8099472234375 0.8208785609374999 0.7945414203125 0.7669766499999999 0.780845853125 0.75157601875 0.811660978125 0.7756394109375 0.854459871875 0.835316596875 0.8441881625000001 0.908469371875 0.8441881625000001 1 0.8163747921875 1 0.8099472234375
2 1 0.5850299578125 0.9537085218750001 0.568563253125 0.8930687421875 0.568563253125 0.8584175437500001 0.58397088125 0.8815183421875 0.631905628125 0.9635378843750001 0.6380799578125 1 0.612448428125 1 0.5850299578125
2 0.286671303125 0.3768242640625 0.334798090625 0.37511226875000003 0.34538596875 0.3545687890625 0.2972591828125 0.3562807828125 0.286671303125 0.3768242640625